                                                                                                                                                                                                                                                                



                        1                        2                        3                        4                        5                        6                        7                        8                        9
                        j                        l                     n_pg                      n_p                      n_g                      eta                Re(omega)                Im(omega)                        H
                        1                        1                      -14                        0                       14 -0.9998949700200142E+000  0.1300292979545188E+000 -0.8657366450877265E-003  0.8453809163272511E-002
                        2                        1                      -13                        0                       13 -0.9992465399078572E+000  0.1392532710264688E+000 -0.7340299586128685E-003  0.9695736745785544E-002
                        3                        1                      -12                        0                       12 -0.9884949294783196E+000  0.1496884499716560E+000 -0.4834652614641814E-003  0.1120331602745850E-001
                        4                        1                      -11                        0                       11 -0.9613055871910553E+000  0.1620801750843155E+000 -0.2567968666521054E-003  0.1313499157768120E-001
                        5                        1                      -10                        0                       10 -0.9038925062068026E+000  0.1769190678675547E+000 -0.1266551969831360E-003  0.1565017828756216E-001
                        6                        1                       -9                        0                        9 -0.7468205299204070E+000  0.1944294491196976E+000 -0.5640513294344119E-004  0.1890140534249453E-001
                        7                        1                       -8                        0                        8 -0.6108550860113486E+000  0.2158328789642404E+000 -0.1896334325782207E-004  0.2329191582099623E-001
                        8                        1                       -7                        0                        7 -0.5123690472466280E+000  0.2439884059121820E+000 -0.4959896986046443E-005  0.2976517110978381E-001
                        9                        2                      -25                        0                       25 -0.9999994953247128E+000  0.1307118527746196E+000 -0.1964976032591763E-002  0.8542794227886908E-002
                       10                        2                      -20                        0                       20 -0.9999984986760077E+000  0.1588149165190258E+000 -0.1936787760881956E-002  0.1261108885447253E-001
                       11                        2                      -17                        0                       17 -0.9999996144094815E+000  0.1861618076599031E+000 -0.1704753862078407E-002  0.1732810931560141E-001
                       12                        2                      -14                        0                       14 -0.9867103118627314E+000  0.2250398726587652E+000 -0.1000720313520054E-002  0.2532147214313661E-001
                       13                        3                      -29                        0                       29 -0.9999999751348050E+000  0.1585040584448983E+000 -0.2924200621690059E-002  0.1256176827175187E-001
                       14                        3                      -24                        0                       24 -0.9999994032248231E+000  0.1927956350611955E+000 -0.2435310508209439E-002  0.1858507844932487E-001
