                                                                                                                                                                                                                                                                



                        1                        2                        3                        4                        5                        6                        7                        8                        9
                        j                        l                     n_pg                      n_p                      n_g                      eta                Re(omega)                Im(omega)                        H
                        2                        1                     -141                       11                      152 -0.9999999999999998E+000  0.1370591448619794E-002 -0.1300984117689711E-003  0.9392604595148530E-006
                        3                        1                     -134                       13                      147 -0.9996922187636879E+000  0.1312559306906058E-002 -0.4411070496021810E-003  0.8614059670728553E-006
                        4                        1                     -140                       10                      150 -0.9999778291989906E+000  0.1434346667826580E-002 -0.1512880118488021E-003  0.1028675181752605E-005
                        5                        1                     -140                       12                      152 -0.9991434273207744E+000  0.1489475978846868E-002 -0.1823300446179356E-003  0.1109269345780917E-005
                        7                        1                     -134                       15                      149 -0.9991720077841519E+000  0.1550890493857738E-002 -0.3548367177807841E-003  0.1202630661969151E-005
                        9                        1                     -137                       16                      153 -0.9997643584316918E+000  0.1683358082203088E-002 -0.3111390392828479E-003  0.1416847216459233E-005
                       10                        1                     -134                       18                      152 -0.9999618197230207E+000  0.1753811522556528E-002 -0.2894858353713283E-003  0.1537927428326027E-005
                       11                        1                      -15                        4                       19 -0.9125715094978881E+000  0.1772320857896713E-002 -0.9705214656753019E-004  0.1570560611667873E-005
                       12                        1                     -134                       11                      145 -0.9997999412547653E+000  0.1903712913271475E-002 -0.2485690587995564E-003  0.1812061428078286E-005
                       13                        1                     -139                       11                      150 -0.9996105303921756E+000  0.1996597815378218E-002 -0.2304889071543711E-003  0.1993201418186537E-005
                       14                        1                     -139                       13                      152 -0.9997407294847905E+000  0.2175130861997746E-002 -0.2116557100036088E-003  0.2365597133407529E-005
                       15                        1                     -201                       25                      226 -0.9999992493720177E+000  0.2200982538505639E-002 -0.5692866496620926E-003  0.2422162067403363E-005
                       16                        1                     -136                       16                      152 -0.9998831997915910E+000  0.2303533851508124E-002 -0.1991622269924720E-003  0.2653134102521926E-005
                       17                        1                     -141                       14                      155 -0.9998573455117112E+000  0.2373630530078233E-002 -0.1950998589868067E-003  0.2817060946659738E-005
                       18                        1                     -213                       17                      230 -0.9999998481427761E+000  0.2448039541575311E-002 -0.5086171742154060E-003  0.2996448798558121E-005
                       19                        1                     -139                       13                      152 -0.9998707232893951E+000  0.2522550404919050E-002 -0.1861066583010689E-003  0.3181630272678632E-005
                       20                        1                     -201                       16                      217 -0.9999999899366203E+000  0.2694108786786082E-002 -0.4323932278212660E-003  0.3629111077518993E-005
                       21                        1                     -143                       11                      154 -0.9998972367351301E+000  0.2687187597289324E-002 -0.1825327014223206E-003  0.3610488591512783E-005
                       22                        1                     -198                       18                      216 -0.9999999999998429E+000  0.2890873490140778E-002 -0.3923305161232244E-003  0.4178574767999361E-005
                       23                        1                     -142                       17                      159 -0.9999045761693630E+000  0.2955841394933468E-002 -0.1749982634612292E-003  0.4368499176001114E-005
                       24                        1                     -194                       17                      211 -0.9999999999952823E+000  0.3052160330578209E-002 -0.3611778266164458E-003  0.4657841341777650E-005
                       25                        1                     -199                       15                      214 -0.9999999999878628E+000  0.3153197784205637E-002 -0.3510195164204177E-003  0.4971328133159678E-005
                       26                        1                     -201                       16                      217 -0.9999999969185696E+000  0.3529261581679784E-002 -0.2935691484286601E-003  0.6227843655960445E-005
                       27                        1                     -162                       19                      181 -0.9998988738715578E+000  0.3710095310111569E-002 -0.1617040485937192E-003  0.6882403605055931E-005
                       28                        1                     -161                       16                      177 -0.9998403106566600E+000  0.3881441175939645E-002 -0.1515977456792229E-003  0.7532792801139869E-005
                       29                        1                     -193                       11                      204 -0.9999998531924976E+000  0.3919280592100947E-002 -0.2468599171808871E-003  0.7680380179809576E-005
                       30                        1                     -169                       14                      183 -0.9999356828817164E+000  0.4063907055301250E-002 -0.1645294263699769E-003  0.8257670277063639E-005
                       31                        1                     -179                       14                      193 -0.9999980988653956E+000  0.4301837808278234E-002 -0.2104470655522626E-003  0.9252904264366039E-005
                       32                        1                     -174                       15                      189 -0.9999955391660704E+000  0.4620253279140840E-002 -0.1944937227469864E-003  0.1067337018170582E-004
                       33                        1                     -182                       10                      192 -0.9999807293957996E+000  0.4767914688120757E-002 -0.1727606723353021E-003  0.1136650523659883E-004
                       34                        1                     -198                        8                      206 -0.9999993905538408E+000  0.5752707493829146E-002 -0.2038165498497518E-003  0.1654682175477901E-004
                       35                        1                     -186                        7                      193 -0.9999809932099312E+000  0.6942414004943317E-002 -0.1497925507782395E-003  0.2409855610801655E-004
                       36                        1                     -188                        6                      194 -0.9999899222996521E+000  0.7135447751407467E-002 -0.1568584209210859E-003  0.2545730730653294E-004
                       37                        1                     -183                        6                      189 -0.9999782486577761E+000  0.7729955346796607E-002 -0.1450950442103467E-003  0.2987610483173473E-004
                       38                        1                     -185                        5                      190 -0.9999877053223528E+000  0.7979001071214636E-002 -0.1504216290316403E-003  0.3183222904722216E-004
                       39                        1                     -176                        4                      180 -0.9999408433322394E+000  0.8758869778884730E-002 -0.1284609310770529E-003  0.3835889990173012E-004
                       40                        1                     -175                        3                      178 -0.9999970193071857E+000  0.9350814022345553E-002 -0.1697201852811472E-003  0.4371886144024707E-004
                       41                        1                      -90                       10                      100 -0.1000000000000000E+001  0.9554381823948278E-002 -0.1214002716520412E-002  0.4564310601889667E-004
                       42                        1                     -158                        0                      158 -0.9999944439971669E+000  0.1083601409166420E-001 -0.1674646105264342E-003  0.5870960069737247E-004
                       43                        1                     -116                        0                      116 -0.9999999047031541E+000  0.1505953708879093E-001 -0.2971447746576584E-003  0.1133948286643353E-003
                       44                        1                      -65                        0                       65 -0.9999997316784370E+000  0.2777990240987479E-001 -0.5729593738396787E-003  0.3858614889510846E-003
                       45                        1                      -50                        0                       50 -0.9999995164347119E+000  0.3644908727220748E-001 -0.7889122983864014E-003  0.6642679814884992E-003
                       46                        1                      -49                        0                       49 -0.9999990431278969E+000  0.3724473361419885E-001 -0.7836453319215793E-003  0.6935850909963139E-003
                       48                        2                      -92                        0                       92 -0.9999871044510757E+000  0.1368898210563570E-002 -0.7661579735124796E-004  0.9369411554420716E-006
                       49                        2                      -88                        0                       88 -0.9999961355400508E+000  0.1406615505195319E-002 -0.7743421852137567E-004  0.9892835897279415E-006
                       50                        2                      -88                        0                       88 -0.9999999747381089E+000  0.1487673136419784E-002 -0.8392756032303221E-004  0.1106585680412540E-005
                       51                        2                      -88                        0                       88 -0.9999998721527344E+000  0.1446273808496483E-002 -0.8009217395110934E-004  0.1045853964571463E-005
                       54                        2                      -86                        0                       86 -0.1000000000000000E+001  0.1530946491080799E-002 -0.8835140850641033E-004  0.1171898579276304E-005
                       56                        2                      -84                        0                       84 -0.1000000000000000E+001  0.1625488145006963E-002 -0.9866619923160418E-004  0.1321105854779090E-005
                       59                        2                      -82                        0                       82 -0.1000000000000000E+001  0.1732832069797581E-002 -0.1124385039900649E-003  0.1501353491059485E-005
                       61                        2                      -82                        0                       82 -0.9999999925463268E+000  0.1853347234244130E-002 -0.1341751816164813E-003  0.1717447985340183E-005
                       63                        2                      -86                        0                       86 -0.1000000000000000E+001  0.1916836499028944E-002 -0.1455203721984005E-003  0.1837131082004768E-005
                       68                        2                      -92                        0                       92 -0.9998962314590888E+000  0.2304499536349747E-002 -0.5001513764846539E-003  0.2655359056518098E-005
                       69                        2                      -98                        0                       98 -0.9999999999955578E+000  0.2429224411028942E-002 -0.2289729471712318E-003  0.2950565619569454E-005
                       70                        2                      -97                        0                       97 -0.9999731623885809E+000  0.2675942588634478E-002 -0.2864641537846404E-003  0.3580334368833892E-005
                       72                        2                     -103                        0                      103 -0.9999638952146161E+000  0.2723760098722632E-002 -0.3710976165775231E-003  0.3709434537696762E-005
                       74                        2                      -18                        0                       18 -0.8972287202526230E+000  0.3010754125169744E-002 -0.1712101092444736E-003  0.4532320201113324E-005
                       75                        2                     -104                        0                      104 -0.9999875415501253E+000  0.3065615696567066E-002 -0.3201656231120754E-003  0.4698999799519186E-005
                       76                        2                     -104                        0                      104 -0.9999722218469150E+000  0.3296859922087565E-002 -0.2948274165759519E-003  0.5434642672933612E-005
                       78                        2                     -105                        0                      105 -0.9999659367390409E+000  0.3379713936246878E-002 -0.2876169540614498E-003  0.5711233145430682E-005
                       79                        2                     -107                        2                      109 -0.9999581893719222E+000  0.3553194420658906E-002 -0.2739084104750959E-003  0.6312595295500788E-005
                       80                        2                     -185                        0                      185 -0.1000000000000000E+001  0.3723525366594762E-002 -0.6160611784881552E-003  0.6932320577837329E-005
                       81                        2                     -112                        1                      113 -0.9999327896399798E+000  0.3841192132141767E-002 -0.2554610749510073E-003  0.7377378498013907E-005
                       82                        2                     -125                        0                      125 -0.9999337493194863E+000  0.4425173788353276E-002 -0.2292251262761580E-003  0.9791081528564424E-005
                       83                        2                     -132                        0                      132 -0.9999517160712368E+000  0.4708559543685775E-002 -0.2297152815220465E-003  0.1108526648821719E-004
                       84                        2                     -141                        0                      141 -0.9999667152951188E+000  0.5003831998998429E-002 -0.2324371639676874E-003  0.1251916733710027E-004
                       85                        2                     -149                        0                      149 -0.9999565830517918E+000  0.5335646419503098E-002 -0.2209974739182056E-003  0.1423456135697808E-004
                       86                        2                     -196                        0                      196 -0.9999893314344191E+000  0.7058970659306842E-002 -0.2221619577236059E-003  0.2491453338447744E-004
                       87                        2                     -218                        0                      218 -0.9999978640248711E+000  0.8017450614637706E-002 -0.2366433252072987E-003  0.3213975717907726E-004
                       88                        2                     -232                        0                      232 -0.9999995589234338E+000  0.8936451981376835E-002 -0.2520001443366420E-003  0.3993008700772676E-004
                       89                        2                     -226                        0                      226 -0.9999964626116097E+000  0.9281966620506135E-002 -0.2157761698082158E-003  0.4307745217209504E-004
                       90                        2                     -231                        0                      231 -0.9999998025022008E+000  0.1023476814353274E-001 -0.2581904641432296E-003  0.5237523947593635E-004
                       91                        2                     -224                        0                      224 -0.9999984902190587E+000  0.1120766834155400E-001 -0.2183790277268968E-003  0.6280591482713622E-004
                       92                        2                     -213                        0                      213 -0.9999999999446326E+000  0.1350094399977474E-001 -0.3976759152097330E-003  0.9113774444252673E-004
                       93                        2                     -154                        0                      154 -0.9999999406823048E+000  0.1957135729273346E-001 -0.3184746150166796E-003  0.1915190131399148E-003
                       94                        2                      -78                        0                       78 -0.9999999947956973E+000  0.3972081591622443E-001 -0.9087198647999396E-003  0.7888716085252951E-003
                       95                        2                      -51                        0                       51 -0.9999999732501699E+000  0.6172294384283666E-001 -0.1462767114046708E-002  0.1904860898312984E-002
                       96                        3                     -103                        0                      103 -0.9999999555754011E+000  0.1376878501993139E-002 -0.5270679764500686E-004  0.9478972046254326E-006
                       97                        3                     -101                        0                      101 -0.9999999887757595E+000  0.1429104288344905E-002 -0.5779306403224400E-004  0.1021169533482897E-005
                       98                        3                     -101                        0                      101 -0.1000000000000000E+001  0.1456472567289828E-002 -0.6040440393072973E-004  0.1060656169633910E-005
                       99                        3                      -99                        0                       99 -0.9999999798578526E+000  0.1485175891181769E-002 -0.6332200142288896E-004  0.1102873713873782E-005
                      100                        3                      -99                        0                       99 -0.9999999848455179E+000  0.1545437035989521E-002 -0.7178965113018952E-004  0.1194187816104040E-005
                      104                        3                      -95                        0                       95 -0.1000000000000000E+001  0.1575853373398549E-002 -0.7674760690244524E-004  0.1241656927225793E-005
                      105                        3                      -95                        0                       95 -0.9999999785891635E+000  0.1639415902076254E-002 -0.8527735827009345E-004  0.1343842249990249E-005
                      107                        3                      -95                        0                       95 -0.9999999743122854E+000  0.1708420269904665E-002 -0.9463022298593127E-004  0.1459349909310565E-005
                      108                        3                      -95                        0                       95 -0.9999999785213918E+000  0.1743923692387722E-002 -0.9987037235836028E-004  0.1520634922435617E-005
                      109                        3                      -95                        0                       95 -0.1000000000000000E+001  0.1779523158668321E-002 -0.1038307944762376E-003  0.1583351336118439E-005
                      110                        3                      -95                        0                       95 -0.9999999974595912E+000  0.1859563861790976E-002 -0.1055626149629328E-003  0.1728988878039483E-005
                      111                        3                      -97                        0                       97 -0.1000000000000000E+001  0.1905782438237410E-002 -0.1063253320949368E-003  0.1816003350947070E-005
                      112                        3                      -93                        0                       93 -0.9999999993341598E+000  0.1955910304942555E-002 -0.1082349942304813E-003  0.1912792560490239E-005
                      113                        3                      -93                        0                       93 -0.1000000000000000E+001  0.2065566675505543E-002 -0.1173778673758083E-003  0.2133282845479513E-005
                      115                        3                      -93                        0                       93 -0.1000000000000000E+001  0.2249129563034563E-002 -0.1389342815756507E-003  0.2529291895658020E-005
                      117                        3                      -91                        0                       91 -0.1000000000000000E+001  0.2317882760003916E-002 -0.1466349023789452E-003  0.2686290244561675E-005
                      120                        3                     -101                        0                      101 -0.1000000000000000E+001  0.2644704170945109E-002 -0.1961390668815280E-003  0.3497230075907224E-005
                      122                        3                     -105                        0                      105 -0.9999999999960539E+000  0.3174385827364231E-002 -0.2909651588620488E-003  0.5038362690485448E-005
                      124                        3                     -108                        0                      108 -0.9999994196293617E+000  0.3637454418932754E-002 -0.3612174191854501E-003  0.6615537324906701E-005
                      125                        3                     -109                        0                      109 -0.9999889087434828E+000  0.3841308109735232E-002 -0.3790682494576892E-003  0.7377823996958832E-005
                      126                        3                     -113                        0                      113 -0.9999818284566433E+000  0.4009579378833216E-002 -0.3741715073184645E-003  0.8038363397582278E-005
                      127                        3                     -113                        0                      113 -0.9999844648327977E+000  0.4183953427772035E-002 -0.3685942526611822E-003  0.8752733142882668E-005
                      128                        3                     -122                        0                      122 -0.9999807172037866E+000  0.4706425649676351E-002 -0.3380291175862087E-003  0.1107522119796577E-004
                      129                        3                     -123                        0                      123 -0.9999801397993527E+000  0.4821835479331366E-002 -0.3290371729449207E-003  0.1162504869486937E-004
                      130                        3                     -127                        0                      127 -0.9999793928044489E+000  0.5064772292776937E-002 -0.3149222452017823E-003  0.1282595918884047E-004
                      131                        3                     -132                        0                      132 -0.9999769042038740E+000  0.5327898590204448E-002 -0.3030010685812699E-003  0.1419325169375127E-004
                      132                        3                     -210                        1                      211 -0.9999999999999719E+000  0.5657488748263670E-002 -0.6220175753998730E-003  0.1600358946836497E-004
                      133                        3                     -152                        0                      152 -0.9999688398006674E+000  0.6285311024938736E-002 -0.2690493049594974E-003  0.1975256734010819E-004
                      134                        3                     -183                        0                      183 -0.9999929725984388E+000  0.7329871979713625E-002 -0.2868822247539483E-003  0.2686351161949544E-004
                      135                        3                     -221                        0                      221 -0.9999932633008655E+000  0.9554038567381625E-002 -0.2494142964003195E-003  0.4563982647350777E-004
                      136                        3                     -284                        0                      284 -0.9999999999999926E+000  0.1121001472773856E-001 -0.5449627725695114E-003  0.6283221509805770E-004
                      137                        3                     -249                        0                      249 -0.9999999522674007E+000  0.1505897949027814E-001 -0.3106747021404115E-003  0.1133864316443089E-003
                      138                        3                      -96                        0                       96 -0.9999999994924523E+000  0.4563420806949681E-001 -0.9094433189173704E-003  0.1041240473065067E-002
                      139                        3                      -47                        0                       47 -0.9999999732045735E+000  0.9564271831285849E-001 -0.2121797579115335E-002  0.4573764783136371E-002
