                                                                                                                                                                                                                                                                



                        1                        2                        3                        4                        5                        6                        7                        8                        9                       10                       11                       12                       13                       14                       15                       16                       17
                        j                        l                      n_p                      n_g                      eta                Re(omega)                Im(omega)                 Re(freq)                 Im(freq)                    x_ref             Re(xi_r_ref)             Im(xi_r_ref)             Re(xi_h_ref)             Im(xi_h_ref)                        H            Re(lag_L_ref)            Im(lag_L_ref)
                        1                        1                        0                       72 -0.9999852991603547E+000  0.5337008535003823E-001 -0.6452251019808167E-003  0.1020004216503779E+001 -0.1233148345740921E-001  0.9999873134680528E+000  0.3968538767227786E+000 -0.6811658905956849E-017  0.1392774836849530E+003  0.3377999163995635E+001  0.1424183005135184E-002  0.1635568970971993E+002 -0.2282503804901036E+001
                        2                        1                        0                       72 -0.9999936662146530E+000  0.5291483717981244E-001 -0.7350208943614182E-003  0.1011303554885189E+001 -0.1404765247328742E-001  0.9999873134680528E+000  0.4160637579642041E+000 -0.4604601743703384E-016  0.1485119926883621E+003  0.4130444211747566E+001  0.1399989996883032E-002  0.1717657224465234E+002 -0.2394331872597507E+001
                        3                        1                        0                       69 -0.9999878926344949E+000  0.5508783594610048E-001 -0.6730865740364585E-003  0.1052833709643874E+001 -0.1286396937697194E-001  0.9999873134680528E+000  0.4555078607476072E+000 -0.1198922372450542E-016  0.1500380509165930E+003  0.3689563502168353E+001  0.1517334834612236E-002  0.1865478908189896E+002 -0.2588324191028264E+001
                        4                        1                        0                       70 -0.9999952427553213E+000  0.5439199280827062E-001 -0.7933122108261415E-003  0.1039534818889689E+001 -0.1516171081120483E-001  0.9999873134680528E+000  0.4803831645336376E+000  0.2721464605197179E-017  0.1622634488176247E+003  0.4723037932568936E+001  0.1479244440827483E-002  0.1972342934158739E+002 -0.2737110453452989E+001
                        5                        1                        0                       68 -0.9999961143118077E+000  0.5607604524120670E-001 -0.8253524402630222E-003  0.1071720275801405E+001 -0.1577406076172526E-001  0.9999873134680528E+000  0.5458608824431623E+000  0.2491183393499659E-016  0.1734941958322870E+003  0.5100555967649038E+001  0.1572261424946930E-002  0.2227956169060671E+002 -0.3073689714287986E+001
                        6                        1                        0                       67 -0.9999853449389340E+000  0.5697377641462645E-001 -0.6488010170367941E-003  0.1088877632327431E+001 -0.1239982602068288E-001  0.9999873134680528E+000  0.5004786889989528E+000  0.3750228068685076E-017  0.1541112007487304E+003  0.3503453734514883E+001  0.1623005599471922E-002  0.2035557596347407E+002 -0.2813165779659544E+001
                        7                        1                        0                       66 -0.9999948883207527E+000  0.5784929361466576E-001 -0.7971844569629078E-003  0.1105610437414861E+001 -0.1523571682713936E-001  0.9999873134680528E+000  0.5930426167071318E+000  0.2047673562227295E-016  0.1771184041476091E+003  0.4895041236687929E+001  0.1673270385857901E-002  0.2405302320406581E+002 -0.3298087439158475E+001
                        8                        1                        0                       65 -0.9999924968631377E+000  0.5890531158775871E-001 -0.7445932473000823E-003  0.1125792956857989E+001 -0.1423059841192068E-001  0.9999873134680528E+000  0.6045743581922535E+000 -0.2371065268228277E-018  0.1741769173866123E+003  0.4387219643817602E+001  0.1734917866625472E-002  0.2443098500424928E+002 -0.3344956342093481E+001
                        9                        1                        0                       64 -0.9999922597093918E+000  0.5976870792238105E-001 -0.7352051473355385E-003  0.1142294109068121E+001 -0.1405117389936859E-001  0.9999873134680528E+000  0.6289986316708522E+000 -0.1966262934764419E-016  0.1759662866968451E+003  0.4328356029995020E+001  0.1786149223355444E-002  0.2533537911341184E+002 -0.3455041377589001E+001
                       10                        1                        0                       63 -0.9999967205843248E+000  0.6076113231955263E-001 -0.8532094600378277E-003  0.1161261233872906E+001 -0.1630646158970164E-001  0.9999873134680528E+000  0.7205793884394343E+000 -0.1185604324045925E-016  0.1950912022757833E+003  0.5496700787092909E+001  0.1845957600377096E-002  0.2893932553578527E+002 -0.3914725548165018E+001
                       11                        1                        0                       62 -0.9999981197755310E+000  0.6195331784074808E-001 -0.9618847361899722E-003  0.1184046175109154E+001 -0.1838345358208602E-001  0.9999873134680528E+000  0.8184162536814047E+000 -0.3585962903674214E-017  0.2130825771100552E+003  0.6597835691695632E+001  0.1919106795738381E-002  0.3273670338529845E+002 -0.4396993667086334E+001
                       12                        1                        0                       61 -0.9999859919471922E+000  0.6316980204035640E-001 -0.6752774877137725E-003  0.1207295510476945E+001 -0.1290584191988056E-001  0.9999873134680528E+000  0.7117348162711107E+000 -0.4764571878179192E-016  0.1782696098260678E+003  0.3865668392781829E+001  0.1995211944908906E-002  0.2834168788648413E+002 -0.3800549865245322E+001
                       13                        1                        0                       60 -0.9999954800991755E+000  0.6379015059257578E-001 -0.8693920230510714E-003  0.1219151555578161E+001 -0.1661574126199535E-001  0.9999873134680528E+000  0.8430923919348050E+000  0.8642476986042780E-017  0.2071284292856745E+003  0.5669325162222050E+001  0.2034591656311752E-002  0.3352411468219101E+002 -0.4464713668301725E+001
                       14                        1                        0                       59 -0.9999982115433115E+000  0.6523973337371294E-001 -0.1033500754284819E-002  0.1246855849832772E+001 -0.1975217240550275E-001  0.9999873134680528E+000  0.9910862946319421E+000  0.2664719744484437E-016  0.2326550351727572E+003  0.7373874262177209E+001  0.2128111405336577E-002  0.3921600366119542E+002 -0.5162597282537080E+001
                       15                        1                        0                       58 -0.9999904642444977E+000  0.6648162390761882E-001 -0.7625444234117575E-003  0.1270590748750621E+001 -0.1457367965687315E-001  0.9999873134680528E+000  0.8838735905823236E+000 -0.2357655748061975E-016  0.1999474592853941E+003  0.4586095368897897E+001  0.2209903158697033E-002  0.3483376025118644E+002 -0.4584075911858333E+001
                       16                        1                        0                       57 -0.9999953721200135E+000  0.6748489595099674E-001 -0.9192329603319857E-003  0.1289765192782967E+001 -0.1756829672162413E-001  0.9999873134680528E+000  0.1021598644967376E+001  0.1298566505988568E-016  0.2241899525720792E+003  0.6100704222306162E+001  0.2277105590758428E-002  0.4013047558207610E+002 -0.5227895140225968E+001
                       17                        1                        0                       56 -0.9999954807548523E+000  0.6893443111091199E-001 -0.9480221667641553E-003  0.1317468576905117E+001 -0.1811851341620151E-001  0.9999873134680528E+000  0.1101371542196233E+001  0.6683229415083430E-017  0.2316600930568305E+003  0.6366609317176239E+001  0.2375977896292536E-002  0.4307173285200155E+002 -0.5552941198021472E+001
                       18                        1                        0                       55 -0.9999918495210959E+000  0.7022330605515856E-001 -0.8666511391207260E-003  0.1342101437599552E+001 -0.1656335773763776E-001  0.9999873134680528E+000  0.1103155268484996E+001  0.2436603658523031E-016  0.2235902943542585E+003  0.5528985176887895E+001  0.2465656356658228E-002  0.4295748401950092E+002 -0.5496851348908275E+001
                       19                        1                        0                       54 -0.9999942101748941E+000  0.7153297163339635E-001 -0.9627357568804539E-003  0.1367131646999647E+001 -0.1839971821211106E-001  0.9999873134680528E+000  0.1226271545844769E+001  0.7131922396696839E-016  0.2395452888798544E+003  0.6450998031643069E+001  0.2558483015352139E-002  0.4757058029723324E+002 -0.6014989612181588E+001
                       20                        1                        0                       53 -0.9999965585666213E+000  0.7304395428091241E-001 -0.1115877934298437E-002  0.1396009409915372E+001 -0.2132655757664284E-001  0.9999873134680528E+000  0.1401973310683780E+001  0.6257144643401298E-016  0.2625892935960786E+003  0.8012495093115650E+001  0.2667709628496014E-002  0.5413940686827715E+002 -0.6740941659797333E+001
                       21                        1                        0                       52 -0.9999948182586723E+000  0.7461139414703639E-001 -0.1089049659904616E-002  0.1425966178057611E+001 -0.2081381803681000E-001  0.9999873134680528E+000  0.1460799224921685E+001 -0.6467628715059041E-016  0.2622399863770113E+003  0.7680844963715798E+001  0.2783430068282197E-002  0.5613804712086927E+002 -0.6896645170634167E+001
                       22                        1                        0                       51 -0.9999973062471160E+000  0.7576149115089072E-001 -0.1291735146657132E-002  0.1447946727378935E+001 -0.2468752462273245E-001  0.9999873134680528E+000  0.1662323591691643E+001  0.6687854782899937E-017  0.2893971285414093E+003  0.9870429870025298E+001  0.2869901770703240E-002  0.6368502060154723E+002 -0.7709826107107911E+001
                       23                        1                        0                       50 -0.9999981012648035E+000  0.7736720284860389E-001 -0.1458581811399258E-002  0.1478634943285183E+001 -0.2787628290240118E-001  0.9999873134680528E+000  0.1867109618343635E+001 -0.1955798636664956E-016  0.3115931107025762E+003  0.1174400456531451E+002  0.2992842038308508E-002  0.7119182220534601E+002 -0.8455756718685805E+001
                       24                        1                        0                       49 -0.9999745316169987E+000  0.7892161078720158E-001 -0.8950348156037202E-003  0.1508342646413963E+001 -0.1710582398071475E-001  0.9999873134680528E+000  0.1514139204104763E+001 -0.2501922476891567E-017  0.2430081994790380E+003  0.5531161285042531E+001  0.3114310324623273E-002  0.5741779374469478E+002 -0.6814222451338028E+001
                       25                        1                        0                       48 -0.9999927080589749E+000  0.8021527640773658E-001 -0.1232242047872287E-002  0.1533067066077848E+001 -0.2355049793043068E-001  0.9999873134680528E+000  0.1862755272181262E+001 -0.3968127447656994E-017  0.2893198307732516E+003  0.8894116699928581E+001  0.3217245284584793E-002  0.7040426425065834E+002 -0.8175294792664952E+001
                       26                        1                        0                       47 -0.9999902179766322E+000  0.8241421604519902E-001 -0.1225041737219407E-002  0.1575093000406757E+001 -0.2341288624819511E-001  0.9999873134680528E+000  0.1979864154654236E+001  0.4086034655292308E-017  0.2912983806790170E+003  0.8654384570204453E+001  0.3396051503172372E-002  0.7433077632725519E+002 -0.8431940448348350E+001
                       27                        1                        0                       46 -0.9999412489428321E+000  0.8398061624713500E-001 -0.8211988233460079E-003  0.1605029898581605E+001 -0.1569467721303297E-001  0.9999873134680528E+000  0.1680495880009313E+001 -0.3467128715294620E-016  0.2382059069981142E+003  0.4672073655263578E+001  0.3526371952624277E-002  0.6275660684219027E+002 -0.7066732859750322E+001
                       28                        1                        0                       45 -0.9999851658969033E+000  0.8575035735081249E-001 -0.1213264535556622E-002  0.1638853029574027E+001 -0.2318780144130623E-001  0.9999873134680528E+000  0.2159258930722323E+001 -0.2666548761221253E-016  0.2935079204479276E+003  0.8308360244290501E+001  0.3676561892896025E-002  0.8027217708466181E+002 -0.8752106542995868E+001
                       29                        1                        0                       44 -0.9999709675075881E+000  0.8803866971778623E-001 -0.1089136167707684E-002  0.1682587047379740E+001 -0.2081547136607322E-001  0.9999873134680528E+000  0.2168491189891438E+001 -0.8004041216097985E-016  0.2796429369512185E+003  0.6909623701413969E+001  0.3875403682838727E-002  0.8004079349978252E+002 -0.8504451520533394E+001
                       30                        1                        0                       43 -0.9999378165487653E+000  0.8946922706400638E-001 -0.8725316293673234E-003  0.1709927729252829E+001 -0.1667574513232336E-001  0.9999873134680528E+000  0.2006520146217095E+001  0.3152252687386661E-016  0.2505812672513377E+003  0.4897920634970590E+001  0.4002371295715363E-002  0.7371682798264878E+002 -0.7724263688739313E+001
                       31                        1                        0                       42 -0.9999922823800438E+000  0.9163367141654799E-001 -0.1397565485209996E-002  0.1751294392834127E+001 -0.2671014442650362E-001  0.9999873134680528E+000  0.2695051565108733E+001 -0.1159086999048136E-015  0.3207784106672927E+003  0.9790366807280444E+001  0.4198364868637938E-002  0.9848454834243627E+002 -0.9837885419635478E+001
                       32                        1                        0                       41 -0.9999913055378075E+000  0.9437538996395860E-001 -0.1387964597993828E-002  0.1803693868317137E+001 -0.2652665314335428E-001  0.9999873134680528E+000  0.2864650655539918E+001  0.1673319923362276E-016  0.3214096177969155E+003  0.9450214601954951E+001  0.4453357115424627E-002  0.1038108995637060E+003 -0.9928198295294035E+001
                       33                        1                        0                       40 -0.9999350929372176E+000  0.9629840890815480E-001 -0.7827508335662127E-003  0.1840446431454931E+001 -0.1495986272970824E-001  0.9999873134680528E+000  0.2234989732713502E+001 -0.1364758706076863E-016  0.2409704493886173E+003  0.3933257273840706E+001  0.4636691779121081E-002  0.8043712009058952E+002 -0.7589080199392520E+001
                       34                        1                        0                       39 -0.9999917364239937E+000  0.9846587612746656E-001 -0.1367047265045061E-002  0.1881870867790972E+001 -0.2612688297874200E-001  0.9999873134680528E+000  0.3114178386558642E+001 -0.7616846343946194E-016  0.3210439313479045E+003  0.8918784890314440E+001  0.4847764380774789E-002  0.1114808205437912E+003 -0.9906879694927445E+001
                       35                        1                        0                       38 -0.9999905160747141E+000  0.1016828117188699E+000 -0.1254929601773078E-002  0.1943352648191574E+001 -0.2398410039685332E-001  0.9999873134680528E+000  0.3193649135724523E+001  0.1167446868019284E-017  0.3087324254468180E+003  0.7616285946874655E+001  0.5169697099527565E-002  0.1131695449762158E+003 -0.9458655931732791E+001
                       36                        1                        0                       37 -0.9999715833889939E+000  0.1041595396136896E+000 -0.8861897817828237E-003  0.1990687646426626E+001 -0.1693677849890110E-001  0.9999873134680528E+000  0.2818347573037470E+001 -0.8139467454067654E-016  0.2597272646775152E+003  0.4430816191984800E+001  0.5424604846267876E-002  0.9903892003038349E+002 -0.7940810178897996E+001
                       37                        1                        0                       36 -0.9999914822730516E+000  0.1069662694174032E+000 -0.1236854307486712E-002  0.2044329611126476E+001 -0.2363864701663634E-001  0.9999873134680528E+000  0.3527038580596823E+001 -0.8376872270097884E-016  0.3081692574889098E+003  0.7126816838289832E+001  0.5720891396538246E-002  0.1229594529292669E+003 -0.9064934539099303E+001
                       38                        1                        0                       35 -0.9999917754075598E+000  0.1104948380232326E+000 -0.1212300720090562E-002  0.2111767293351697E+001 -0.2316938108779049E-001  0.9999873134680528E+000  0.3737442375615168E+001  0.2174249661794570E-016  0.3059962139824963E+003  0.6711304833247935E+001  0.6104554614890205E-002  0.1288159425576519E+003 -0.8605365625031212E+001
                       39                        1                        0                       34 -0.9999854851677790E+000  0.1137571298742203E+000 -0.1059278322251232E-002  0.2174115918459734E+001 -0.2024483093967042E-001  0.9999873134680528E+000  0.3710740957692987E+001  0.1251508723854250E-016  0.2866935581624378E+003  0.5348857892239876E+001  0.6470342298610121E-002  0.1265181977177198E+003 -0.7657806178535949E+001
                       40                        1                        0                       33 -0.9999863312038633E+000  0.1170374178285205E+000 -0.1107625082787922E-002  0.2236808483457295E+001 -0.2116882982927848E-001  0.9999873134680528E+000  0.4025996017742819E+001  0.4862732930929811E-016  0.2938675100490187E+003  0.5558227582981486E+001  0.6848878585983842E-002  0.1358027990052618E+003 -0.7246542471760656E+001
                       41                        1                        0                       32 -0.9999858519305652E+000  0.1206409089909204E+000 -0.1055463139622947E-002  0.2305678078768508E+001 -0.2017191551631933E-001  0.9999873134680528E+000  0.4186743233285451E+001  0.8608461051505030E-016  0.2875805576490079E+003  0.5029682140643856E+001  0.7277114461077784E-002  0.1394694527560069E+003 -0.6347092548624261E+001
                       42                        1                        0                       31 -0.9999907354178623E+000  0.1241765914929710E+000 -0.1085092478881898E-002  0.2373251721131209E+001 -0.2073818875306110E-001  0.9999873134680528E+000  0.4508389734693577E+001 -0.1020711901727740E-015  0.2923355991427650E+003  0.5117353114294274E+001  0.7709912937406099E-002  0.1483795814009036E+003 -0.5520872956472476E+001
                       43                        1                        0                       30 -0.9999968105650228E+000  0.1286460346592083E+000 -0.1331690832056484E-002  0.2458671312370119E+001 -0.2545115404759357E-001  0.9999873134680528E+000  0.5377140844241505E+001 -0.4335472540233818E-017  0.3248169904931177E+003  0.6722496640753963E+001  0.8274901116769103E-002  0.1742564917075553E+003 -0.4465359693806488E+001
                       44                        1                        0                       29 -0.9999966233948576E+000  0.1341653640236626E+000 -0.1360546495982589E-002  0.2564156233128494E+001 -0.2600264087174987E-001  0.9999873134680528E+000  0.5937519861322633E+001  0.1040935451135494E-016  0.3297578987074593E+003  0.6688155174496987E+001  0.9000172451800936E-002  0.1885019889844907E+003 -0.2206526315866213E+001
                       46                        1                        0                       28 -0.9999764333230958E+000  0.1395115628851741E+000 -0.9031146985468638E-003  0.2666332299463107E+001 -0.1726024596855325E-001  0.9999873134680528E+000  0.5260467938212447E+001  0.2176824510939063E-016  0.2702522344739774E+003  0.3503070090103743E+001  0.9731738089331962E-002  0.1633685342824645E+003  0.6550993395414759E-001
                       47                        1                        0                       27 -0.9999673702795923E+000  0.1431213917993742E+000 -0.8491924539228839E-003  0.2735323021310224E+001 -0.1622968893423200E-001  0.9999873134680528E+000  0.5389090408373321E+001 -0.9092365160176224E-016  0.2630919519546994E+003  0.3123236407358211E+001  0.1024186639529500E-001  0.1649202546387701E+003  0.1616008565471351E+001
                       48                        1                        0                       26 -0.9969164697380810E+000  0.1490291092360875E+000 -0.1037020223445483E-002  0.2848230779576645E+001 -0.1981943617995968E-001  0.9999873134680528E+000  0.6501168330426058E+001 -0.1142192413801287E-015  0.2926582514590578E+003  0.4070310491373196E+001  0.1110483769985083E-001  0.1941310992003288E+003  0.5195844433176800E+001
                       49                        1                        0                       25 -0.9869185897834218E+000  0.1554582744442222E+000 -0.6849896128928705E-003  0.2971104400217991E+001 -0.1309145917285888E-001  0.9999873134680528E+000  0.5800479210553271E+001  0.8366707816180531E-018  0.2400447681777233E+003  0.2118485036291908E+001  0.1208363754658758E-001  0.1682314431949607E+003  0.7304450776951471E+001
                       50                        1                        0                       24 -0.9755916530289993E+000  0.1606830602750426E+000 -0.5979130838650664E-003  0.3070960031754135E+001 -0.1142726047082682E-001  0.9999873134680528E+000  0.5836646730434724E+001 -0.6731096446908022E-016  0.2260394069581777E+003  0.1677339635014507E+001  0.1290952292967648E-001  0.1651595223633308E+003  0.9592437321087560E+001
                       51                        1                        0                       23 -0.9555736955680573E+000  0.1679891831112628E+000 -0.6817256227477799E-003  0.3210593986812702E+001 -0.1302907809010843E-001  0.9999873134680528E+000  0.6891442892099614E+001 -0.1644156017812848E-017  0.2441960034632478E+003  0.1983056689571635E+001  0.1411018282119470E-001  0.1882701465041893E+003  0.1507088437817272E+002
                       53                        1                        0                       22 -0.9244534798873492E+000  0.1762907152507897E+000 -0.5220254107719877E-003  0.3369252113930595E+001 -0.9976902165646681E-002  0.9999873134680528E+000  0.6738299158593864E+001 -0.6469998559209538E-017  0.2168291647398623E+003  0.1283841096051193E+001  0.1553920814181751E-001  0.1763552087457524E+003  0.1838766241715517E+002
                       54                        1                        0                       21 -0.8955552440542699E+000  0.1828268180293568E+000 -0.3809918935108349E-003  0.3494169515690675E+001 -0.7281482412591495E-002  0.9999873134680528E+000  0.6266197013906528E+001  0.4783636229114244E-018  0.1874669962571227E+003  0.7805746008737677E+000  0.1671282269536975E-001  0.1582677916611733E+003  0.1954600804064999E+002
                       55                        1                        0                       20 -0.8566252091523117E+000  0.1910231331106927E+000 -0.4374488081915859E-003  0.3650816743963285E+001 -0.8360481830476421E-002  0.9999873134680528E+000  0.7444676233500221E+001  0.7457558846046155E-017  0.2040176109392131E+003  0.9349713773998767E+000  0.1824491869171270E-001  0.1795849639525464E+003  0.2677476645110170E+002
                       56                        1                        0                       19 -0.8029686528417668E+000  0.2012142034591330E+000 -0.2532124796431679E-003  0.3845587553451757E+001 -0.4839373877958836E-002  0.9999873134680528E+000  0.6399913714845318E+001 -0.4735147131835855E-016  0.1580932753352074E+003  0.3969167207587329E+000  0.2024357783684667E-001  0.1453196411296232E+003  0.2612213762585912E+002
                       57                        1                        0                       18 -0.7589913516555717E+000  0.2094099423779334E+000 -0.1330642242893081E-003  0.4002223770158397E+001 -0.2543111350688547E-002  0.9999873134680528E+000  0.5091866964069446E+001 -0.6594055307019037E-016  0.1161064608116044E+003  0.1481012194058914E+000  0.2192626198336471E-001  0.1098654306300827E+003  0.2248258930320405E+002
                       58                        1                        0                       17 -0.7003236400968454E+000  0.2206088842953196E+000 -0.1175010113018640E-003  0.4216256929393483E+001 -0.2245668639749957E-002  0.9999873134680528E+000  0.5407857416712705E+001  0.3168410656361678E-016  0.1111178293929484E+003  0.1187609179666946E+000  0.2433413991501277E-001  0.1085760485921689E+003  0.2600421889472912E+002
                       59                        1                        0                       16 -0.6262373347720216E+000  0.2338054563118603E+000 -0.4686555551525157E-004  0.4468468613373067E+001 -0.8956902339732588E-003  0.9999873134680528E+000  0.3888827711786163E+001  0.1741106277233966E-016  0.7115391322069668E+002  0.2696201170918700E-001  0.2733249570059854E-001  0.7145440139349886E+002  0.2001593488908716E+002
                       60                        1                        0                       15 -0.5484999142230016E+000  0.2437980098247860E+000 -0.3672206167766392E-004  0.4659445387158883E+001 -0.7018287024324986E-003  0.9999873134680528E+000  0.3784017737587857E+001 -0.3498759708508238E-016  0.6365769444196678E+002  0.2030263185357123E-001  0.2971873479726329E-001  0.6483214786943590E+002  0.2016633330166792E+002
                       61                        1                        0                       14 -0.4511043830125327E+000  0.2612145041053310E+000 -0.2572039920588700E-004  0.4992307841591085E+001 -0.4915659300167560E-003  0.9999873134680528E+000  0.3683955521741426E+001  0.2594750306928903E-016  0.5399212584742822E+002  0.1074177183167134E-001  0.3411650857749693E-001  0.5567203278695410E+002  0.2029708264410107E+002
                       62                        1                        0                       13 -0.3976673215322196E+000  0.2802824175268116E+000 -0.8659001051211379E-005  0.5356732068426714E+001 -0.1654900404415399E-003  0.9999873134680528E+000  0.2431221684617144E+001 -0.2798938828793557E-016  0.3095001974693632E+002  0.1794912550586336E-002  0.3927911678733708E-001  0.3185378873268699E+002  0.1346307338881915E+002
                       63                        1                        0                       12 -0.3738799651399404E+000  0.2954772909085712E+000 -0.5679372762506478E-005  0.5647135106326759E+001 -0.1085436556239117E-003  0.9999873134680528E+000  0.2165477109345080E+001 -0.1091917351799271E-016  0.2480410281140382E+002  0.9398737954161055E-003  0.4365341472133418E-001  0.2523876418409673E+002  0.1183056563146164E+002
                       64                        1                        0                       11 -0.3543476278582919E+000  0.3235102666601194E+000 -0.3210253592631159E-005  0.6182898788925158E+001 -0.6135407464788403E-004  0.9999873134680528E+000  0.1899224895988160E+001  0.1040618376390792E-016  0.1814262000426534E+002  0.9699103395868975E-003  0.5232944631725071E-001  0.1772135874667384E+002  0.9813528548951615E+001
                       65                        1                        0                       10 -0.3762580117470349E+000  0.3590017587595861E+000 -0.1151306926563953E-005  0.6861208957515522E+001 -0.2200367325409190E-004  0.9999873134680528E+000  0.1235769465078422E+001  0.6732100779349897E-017  0.9594231989341285E+001 -0.5247985995809143E-003  0.6444113139623793E-001  0.8620435548808002E+001  0.5717239691989852E+001
                       66                        1                        0                        9 -0.3946496006985614E+000  0.3845523768114051E+000 -0.7315047444617199E-006  0.7349530045559544E+001 -0.1398045213624413E-004  0.9999873134680528E+000  0.1027839624534964E+001 -0.4350445441180595E-017  0.6945195303470998E+001  0.5426408395507168E-003  0.7394026525565059E-001  0.5760202034844577E+001  0.4292646753924889E+001
                       67                        1                        0                        8 -0.3434362984203645E+000  0.4354012976726755E+000 -0.5457946222370092E-006  0.8321349995686823E+001 -0.1043117717304602E-004  0.9999873134680528E+000  0.1134089458848008E+001 -0.2418320087831503E-017  0.5981843755176453E+001  0.6256649230282952E-004  0.9478714500752489E-001  0.4022678456311345E+001  0.3727938425016853E+001
                       68                        1                        0                        7 -0.3527073632025238E+000  0.5099062941443884E+000 -0.2837891239393171E-006  0.9745282711051910E+001 -0.5423751922401779E-005  0.9999873134680528E+000  0.9538156782807508E+000 -0.8267317043720434E-017  0.3667309366084583E+001  0.6016677164837319E-004  0.1300022144040320E+000  0.1543222719629702E+001  0.2023218327448213E+001
                       69                        1                        0                        6 -0.4059001302793637E+000  0.5642555967056405E+000 -0.1898998342397121E-006  0.1078400163782382E+002 -0.3629348358119803E-005  0.9999873134680528E+000  0.7669657250871735E+000  0.4014554408293251E-017  0.2409299965898055E+001 -0.6429550984723365E-005  0.1591921892068192E+000  0.5601315453546490E+000  0.1090042509932321E+001
                       70                        1                        0                        5 -0.2822102711815541E+000  0.6704832951701000E+000 -0.1442761097422210E-006  0.1281421574808030E+002 -0.2757391885597237E-005  0.9999873134680528E+000  0.1116066693508489E+001  0.1748615116285569E-018  0.2480760212153199E+001  0.1776531735397549E-004  0.2247739245510781E+000 -0.3305719951831163E+000  0.4214485721747024E+000
                       71                        1                        0                        4 -0.3131392782146943E+000  0.8654965793622438E+000 -0.7726834483331778E-007  0.1654129189655594E+002 -0.1476745577889462E-005  0.9999873134680528E+000  0.1199300709368684E+001 -0.3798028886881468E-017  0.1600544318076231E+001 -0.6519577555229973E-005  0.3745421644438717E+000 -0.1291195068048425E+001 -0.9079543820117475E+000
                       72                        1                        0                        3 -0.4532491115288144E+000  0.1054184861065759E+001 -0.4606795452415651E-007  0.2014748517281048E+002 -0.8804465563836750E-006  0.9999873134680528E+000  0.8705040295568748E+000  0.2119990671274703E-017  0.7830492668832060E+000 -0.6807021240356122E-005  0.5556528606501180E+000 -0.1197485241102293E+001 -0.1158557383230596E+001
                       73                        1                        0                        2 -0.1809419684185550E+000  0.1392209614443883E+001 -0.2212881659484277E-007  0.2660778351160803E+002 -0.4229239298558149E-006  0.9999873134680528E+000  0.1700166384530257E+001 -0.1794733875288213E-017  0.8762835423257158E+000 -0.2965677499489664E-004  0.9691238052749920E+000 -0.2926010834699963E+001 -0.3054763985397932E+001
                       74                        2                        0                      124 -0.9999963962331853E+000  0.5268135183448448E-001 -0.5124449465945823E-003  0.1006841204203822E+001 -0.9793801205756425E-002  0.9999873134680528E+000  0.3225696784729062E-001  0.3895350031555142E-018  0.1161991552033310E+002  0.2260794953645708E+000  0.1387662415554367E-002  0.1563121670439046E+001 -0.1724472803452060E+000
                       75                        2                        0                      122 -0.9999978731377202E+000  0.5390261481981726E-001 -0.5618491347988580E-003  0.1030181871289687E+001 -0.1073800955676052E-001  0.9999873134680528E+000  0.4095665328328688E-001  0.5866111498458152E-017  0.1409223060539161E+002  0.2938081764582834E+000  0.1452745942206791E-002  0.1976392944769335E+001 -0.2198172399409058E+000
                       76                        2                        0                      118 -0.9999995540338326E+000  0.5552178193880988E-001 -0.7034845583565306E-003  0.1061127245983482E+001 -0.1344493288820356E-001  0.9999873134680528E+000  0.5977976408175545E-001 -0.4606491271405095E-017  0.1938361341988342E+002  0.4912781901747507E+000  0.1541334134830382E-002  0.2869143409359122E+001 -0.3214257129165393E+000
                       77                        2                        0                      118 -0.9999999999737049E+000  0.5575571874525977E-001 -0.1504404873965346E-002  0.1065598224948745E+001 -0.2875204910595839E-001  0.9999873134680528E+000  0.1138269156455853E+000 -0.1083740984586804E-017  0.3653711225793374E+002  0.1973131299509075E+001  0.1554350086400259E-002  0.5457305779493773E+001 -0.5984586750492694E+000
                       78                        2                        0                      121 -0.9999996473620757E+000  0.5439275632101161E-001 -0.7075737407490078E-003  0.1039549411075744E+001 -0.1352308497012405E-001  0.9999873134680528E+000  0.5239339988204866E-001 -0.6902756804546289E-018  0.1770070034784290E+002  0.4605998663383688E+000  0.1479285970098475E-002  0.2523974824587074E+001 -0.2805226325991382E+000
                       79                        2                        0                      115 -0.9999992202976336E+000  0.5712175863531501E-001 -0.6718289312884928E-003  0.1091705855068315E+001 -0.1283993342317185E-001  0.9999873134680528E+000  0.6931182653227852E-001  0.1007634292780253E-017  0.2123442663318562E+002  0.4995596045614243E+000  0.1631447654795593E-002  0.3309685484512380E+001 -0.3747583205140064E+000
                       80                        2                        0                      113 -0.9999979419368927E+000  0.5820795805829890E-001 -0.6007754884757432E-003  0.1112465199636363E+001 -0.1148196648737300E-001  0.9999873134680528E+000  0.7183698609280442E-001 -0.1200500275727680E-017  0.2119635027576081E+002  0.4375893879004344E+000  0.1694083190658344E-002  0.3418714018687361E+001 -0.3901219651518971E+000
                       81                        2                        0                      111 -0.9999987437247049E+000  0.5954550739765180E-001 -0.6644567454472988E-003  0.1138028320942498E+001 -0.1269903687797152E-001  0.9999873134680528E+000  0.8889813812813011E-001 -0.9462783312592075E-018  0.2506391638601786E+002  0.5594379966124621E+000  0.1772833725621901E-002  0.4213354384536365E+001 -0.4830706670308595E+000
                       82                        2                        0                      108 -0.9999987437036708E+000  0.6125106850535801E-001 -0.6986678707890521E-003  0.1170624849689925E+001 -0.1335287679355454E-001  0.9999873134680528E+000  0.1088407176697717E+000 -0.4838751962768251E-017  0.2900087509677732E+002  0.6616897223018015E+000  0.1875846696524031E-002  0.5132436674705823E+001 -0.5920890207486603E+000
                       83                        2                        0                      110 -0.9999986961432807E+000  0.5992046488299369E-001 -0.6688048173360173E-003  0.1145194474295073E+001 -0.1278213683239479E-001  0.9999873134680528E+000  0.9274258311845227E-001  0.7724715148636567E-018  0.2582159445271771E+002  0.5764911236693788E+000  0.1795231055897035E-002  0.4390608226032339E+001 -0.5041695188795635E+000
                       84                        2                        0                      107 -0.9999966340976405E+000  0.6179845039225965E-001 -0.6129339575717659E-003  0.1181086362520859E+001 -0.1171433804276466E-001  0.9999873134680528E+000  0.1045450025173163E+000  0.2871402019714249E-017  0.2736758642038259E+002  0.5429309138578650E+000  0.1909524235442292E-002  0.4922041024721961E+001 -0.5701833802268630E+000
                       85                        2                        0                      104 -0.9999985517721687E+000  0.6320042582862886E-001 -0.7198775364075750E-003  0.1207880789532775E+001 -0.1375823399355971E-001  0.9999873134680528E+000  0.1326499121825304E+000  0.1919362789258550E-017  0.3319819155251515E+002  0.7563777109925229E+000  0.1997146912460012E-002  0.6220117107470076E+001 -0.7219753910043818E+000
                       86                        2                        0                      104 -0.9999971566832671E+000  0.6364315843056081E-001 -0.6581129930106470E-003  0.1216342254748587E+001 -0.1257779565844935E-001  0.9999873134680528E+000  0.1296563646299126E+000 -0.1002075012052000E-016  0.3200129770899856E+002  0.6618997831209571E+000  0.2025225807508726E-002  0.6072142956869819E+001 -0.7067848231190694E+000
                       87                        2                        0                      101 -0.9999970824203027E+000  0.6508263631073850E-001 -0.6779548336847873E-003  0.1243853425055234E+001 -0.1295701111253902E-001  0.9999873134680528E+000  0.1494063562452828E+000 -0.8356486433442736E-018  0.3526256882446222E+002  0.7347282184832173E+000  0.2117874774577930E-002  0.6969054238320838E+001 -0.8138681285772534E+000
                       88                        2                        0                       99 -0.9999984742536049E+000  0.6646317814388329E-001 -0.7654103409181379E-003  0.1270238214991991E+001 -0.1462845281156247E-001  0.9999873134680528E+000  0.1808896200927330E+000 -0.8658433641513893E-018  0.4093503536400807E+002  0.9429646800873712E+000  0.2208677024492791E-002  0.8405900650194393E+001 -0.9826163224598388E+000
                       89                        2                        0                       99 -0.9999994215787473E+000  0.6708720727640032E-001 -0.8864320160123675E-003  0.1282164603009058E+001 -0.1694140805746177E-001  0.9999873134680528E+000  0.2091943515387842E+000  0.1037241692091767E-017  0.4645790119906746E+002  0.1227921603958776E+001  0.2250346690073350E-002  0.9705032212840514E+001 -0.1132660187845345E+001
                       90                        2                        0                       96 -0.9999991478866270E+000  0.6854850760878847E-001 -0.8595453152184279E-003  0.1310092842037314E+001 -0.1642755187758451E-001  0.9999873134680528E+000  0.2280983305417258E+000 -0.1704942269909985E-017  0.4852189558826354E+002  0.1217044118265469E+001  0.2349448947696063E-002  0.1054113318858600E+002 -0.1233901996712129E+001
                       91                        2                        0                       95 -0.9999997714704438E+000  0.6998440920869285E-001 -0.1031371086560696E-002  0.1337535662800687E+001 -0.1971147038968040E-001  0.9999873134680528E+000  0.2839563786021106E+000  0.3594870419126826E-017  0.5794054711900077E+002  0.1708128525167971E+001  0.2448908766144890E-002  0.1307405542315113E+002 -0.1527218565094911E+001
                       92                        2                        0                       93 -0.9999967834943320E+000  0.7142495405491409E-001 -0.7117347372478182E-003  0.1365067224865303E+001 -0.1360260955671235E-001  0.9999873134680528E+000  0.2464528362691125E+000 -0.2888984196267110E-016  0.4829709805793830E+002  0.9626354692763532E+000  0.2550762030873295E-002  0.1130496099269323E+002 -0.1331446179517208E+001
                       93                        2                        0                       91 -0.9999997103181896E+000  0.7248324777199018E-001 -0.1032719280096746E-002  0.1385293238120429E+001 -0.1973723694190558E-001  0.9999873134680528E+000  0.3339603434421560E+000 -0.5426984137497134E-017  0.6352894742368481E+002  0.1810649218252105E+001  0.2626910603787868E-002  0.1527948181257073E+002 -0.1788069744918601E+001
                       94                        2                        0                       89 -0.9999991421914021E+000  0.7419851412949031E-001 -0.9102860025001639E-003  0.1418075252719099E+001 -0.1739730327738499E-001  0.9999873134680528E+000  0.3423534568470895E+000 -0.4604189427116633E-017  0.6215910110515457E+002  0.1525396886330460E+001  0.2752709749512086E-002  0.1559680967683280E+002 -0.1830623518749579E+001
                       95                        2                        0                       87 -0.9999990737619157E+000  0.7609845271966942E-001 -0.9226829277630518E-003  0.1454386706230378E+001 -0.1763423218534708E-001  0.9999873134680528E+000  0.3855293975188063E+000 -0.7912041451575938E-017  0.6654736066356928E+002  0.1613991018152668E+001  0.2895487253163881E-002  0.1748331334892457E+002 -0.2050677163281554E+001
                       96                        2                        0                       88 -0.9999989702418346E+000  0.7522638363673172E-001 -0.8964544392374991E-003  0.1437719801243343E+001 -0.1713295569847023E-001  0.9999873134680528E+000  0.3602866297714235E+000 -0.2615101780045376E-016  0.6364133637141033E+002  0.1517012017486149E+001  0.2829504397530372E-002  0.1637276402764687E+002 -0.1922016761275932E+001
                       97                        2                        0                       86 -0.9999989926714062E+000  0.7707662138401271E-001 -0.9224957451286287E-003  0.1473081376766095E+001 -0.1763065476786468E-001  0.9999873134680528E+000  0.4070730121117773E+000  0.1021224308037583E-016  0.6849468517180591E+002  0.1639799104184148E+001  0.2970402781987230E-002  0.1841732665528424E+002 -0.2159134514544244E+001
                       98                        2                        0                       84 -0.9999986359304003E+000  0.7908472126925725E-001 -0.9131329861970738E-003  0.1511459999109983E+001 -0.1745171457082999E-001  0.9999873134680528E+000  0.4504182616945540E+000 -0.8114464282867354E-020  0.7199024459429766E+002  0.1662657081822853E+001  0.3127196569118052E-002  0.2028257033117543E+002 -0.2374299729828263E+001
                       99                        2                        0                       82 -0.9999984887739420E+000  0.8119221959714996E-001 -0.9436383847843869E-003  0.1551738315448177E+001 -0.1803473097376639E-001  0.9999873134680528E+000  0.5109144187857494E+000 -0.3005672882209391E-016  0.7747469587681668E+002  0.1801105487756608E+001  0.3296088261555907E-002  0.2289585417841165E+002 -0.2671631550023211E+001
                      100                        2                        0                       78 -0.9999977870533497E+000  0.8527827062713289E-001 -0.9785935174711484E-003  0.1629830551053514E+001 -0.1870279029005002E-001  0.9999873134680528E+000  0.6310191805770667E+000 -0.2078576553723774E-016  0.8673826794774570E+002  0.1990954581094166E+001  0.3636191720577255E-002  0.2802166752212675E+002 -0.3243581401518509E+001
                      101                        2                        0                       79 -0.9999959722267778E+000  0.8451125009451183E-001 -0.8544765434314785E-003  0.1615171324404594E+001 -0.1633067797226332E-001  0.9999873134680528E+000  0.5637188092104993E+000 -0.4078741192976197E-016  0.7890723016773153E+002  0.1595791658026976E+001  0.3571075696268559E-002  0.2507383863494807E+002 -0.2914076123333235E+001
                      102                        2                        0                       77 -0.9999984604413920E+000  0.8666056487686004E-001 -0.1071826751480869E-002  0.1656248833016588E+001 -0.2048465537766376E-001  0.9999873134680528E+000  0.7060532002843517E+000  0.8057553651933728E-019  0.9397484364374054E+002  0.2324935842324476E+001  0.3755026752388242E-002  0.3126079405048298E+002 -0.3600650601606615E+001
                      103                        2                        0                       75 -0.9999938057910731E+000  0.8892747708221849E-001 -0.8826514907242092E-003  0.1699573852880133E+001 -0.1686915500204263E-001  0.9999873134680528E+000  0.6940004486039911E+000  0.1745899360972843E-016  0.8773562420033637E+002  0.1741812583633660E+001  0.3954048090104242E-002  0.3057452328267801E+002 -0.3513800367609786E+001
                      104                        2                        0                       73 -0.9999967880047317E+000  0.9174161341582962E-001 -0.1052599328029284E-002  0.1753357370505664E+001 -0.2011718260964231E-001  0.9999873134680528E+000  0.8556252572252879E+000  0.1540299138916328E-016  0.1016238998373961E+003  0.2332273365508782E+001  0.4208261816069774E-002  0.3747541351575323E+002 -0.4256820284646392E+001
                      105                        2                        0                       70 -0.9999954502166143E+000  0.9551994810266098E-001 -0.1001340477919975E-002  0.1825568559351509E+001 -0.1913752812901491E-001  0.9999873134680528E+000  0.9537063834217856E+000  0.1944716066740110E-016  0.1044960528060914E+003  0.2191112812721169E+001  0.4562030242767522E-002  0.4144550586336686E+002 -0.4649886197568422E+001
                      106                        2                        0                       71 -0.9999978308834934E+000  0.9420942245999327E-001 -0.1164336387862453E-002  0.1800521912478263E+001 -0.2225269113322920E-001  0.9999873134680528E+000  0.9907699121068739E+000 -0.1630477015725569E-017  0.1115839260322901E+003  0.2758557800270677E+001  0.4437707640122735E-002  0.4317636790805637E+002 -0.4852841630800567E+001
                      107                        2                        0                       69 -0.9999988880864703E+000  0.9697917861624770E-001 -0.1312368421665047E-002  0.1853457240191109E+001 -0.2508186589781794E-001  0.9999873134680528E+000  0.1164528623548460E+001  0.8962604921691595E-016  0.1237573764449155E+003  0.3350098427510030E+001  0.4702480542541037E-002  0.5046818512140273E+002 -0.5596754852270531E+001
                      108                        2                        0                       66 -0.9999997031348010E+000  0.1014244464407994E+000 -0.1670749749609578E-002  0.1938414794498787E+001 -0.3193121723803243E-001  0.9999873134680528E+000  0.1531100719454991E+001 -0.6322269116337877E-017  0.1487241379767602E+003  0.4901148065643887E+001  0.5143459167911305E-002  0.6578680936624542E+002 -0.7105530976876979E+001
                      109                        2                        0                       65 -0.9999991262644613E+000  0.1028440701488953E+000 -0.1404049372591215E-002  0.1965546513674602E+001 -0.2683406389233925E-001  0.9999873134680528E+000  0.1450748604858347E+001 -0.4975348717873126E-016  0.1370904933441483E+003  0.3743875108831056E+001  0.5288451382395456E-002  0.6214896838388680E+002 -0.6699851005548205E+001
                      110                        2                        0                       61 -0.9999950953238547E+000  0.1098686010899234E+000 -0.9977983492036391E-003  0.2099798710046718E+001 -0.1906983128719117E-001  0.9999873134680528E+000  0.1466571281773145E+001  0.1074054308710883E-015  0.1214688903646624E+003  0.2206476098840259E+001  0.6035554752728363E-002  0.6196249502859817E+002 -0.6472644497977868E+001
                      111                        2                        0                       62 -0.9999995207392839E+000  0.1081473413131709E+000 -0.1592874508150686E-002  0.2066902149764478E+001 -0.3044287270704017E-001  0.9999873134680528E+000  0.1800589828670905E+001 -0.2204017312549269E-016  0.1538569031866652E+003  0.4533220751370653E+001  0.5847923716553722E-002  0.7636202933887071E+002 -0.7969139504608383E+001
                      112                        2                        0                       60 -0.9999993273148902E+000  0.1113328932274694E+000 -0.1562175303423913E-002  0.2127784128183008E+001 -0.2985615229879561E-001  0.9999873134680528E+000  0.1933712983919766E+001 -0.4689415823253086E-016  0.1559211493511540E+003  0.4376496372293851E+001  0.6197506557199562E-002  0.8151210153458992E+002 -0.8345899571338636E+001
                      113                        2                        0                       58 -0.9999971313756673E+000  0.1156827553678510E+000 -0.1182114395823704E-002  0.2210918297733220E+001 -0.2259246280424267E-001  0.9999873134680528E+000  0.1853645900643137E+001 -0.3727298294380660E-017  0.1384745626215511E+003  0.2830322410649460E+001  0.6691249944749030E-002  0.7747711735784605E+002 -0.7757430601908308E+001
                      114                        2                        0                       55 -0.9999970139547787E+000  0.1221717448794980E+000 -0.1276380383098290E-002  0.2334935275021490E+001 -0.2439406577831211E-001  0.9999873134680528E+000  0.2231557483505120E+001  0.7682354165929788E-016  0.1494654637871997E+003  0.3123396465961894E+001  0.7462967623450553E-002  0.9217005341135892E+002 -0.8753550991917525E+001
                      115                        2                        0                       56 -0.9999982456553101E+000  0.1200062751762743E+000 -0.1401208585152613E-002  0.2293549015031225E+001 -0.2677977102121940E-001  0.9999873134680528E+000  0.2236026835358559E+001  0.7778354567622017E-016  0.1552058211741119E+003  0.3624897996229758E+001  0.7200753040841836E-002  0.9273375624649616E+002 -0.8944340761571015E+001
                      116                        2                        0                       53 -0.9999977204295265E+000  0.1270877006945272E+000 -0.1452277855376953E-002  0.2428888575387955E+001 -0.2775580226833002E-001  0.9999873134680528E+000  0.2639399588653769E+001  0.2320673228799313E-016  0.1633595384329556E+003  0.3734022589881023E+001  0.8075641833910864E-002  0.1080614405847711E+003 -0.9779170794892533E+001
                      117                        2                        0                       52 -0.9999956064639074E+000  0.1296793561241853E+000 -0.1302702374515268E-002  0.2478420058214680E+001 -0.2489712928394457E-001  0.9999873134680528E+000  0.2624284688154614E+001  0.2256327898884755E-016  0.1560106765841727E+003  0.3134738154313505E+001  0.8408367702391636E-002  0.1069218456289941E+003 -0.9459553878923691E+001
                      118                        2                        0                       51 -0.9999972153727277E+000  0.1321254672333355E+000 -0.1553189015635403E-002  0.2525169911227011E+001 -0.2968440718400182E-001  0.9999873134680528E+000  0.3008350619444413E+001  0.9331321526529559E-016  0.1722629427312428E+003  0.4050595331716451E+001  0.8728569545813603E-002  0.1220618206239717E+003 -0.1046478168378921E+002
                      119                        2                        0                       49 -0.9999907715256279E+000  0.1374175845874194E+000 -0.1303703124647129E-002  0.2626312376711088E+001 -0.2491625552943343E-001  0.9999873134680528E+000  0.3023380214608731E+001 -0.8923775123390567E-016  0.1600690642828749E+003  0.3037464672026494E+001  0.9441796276920274E-002  0.1214709085291139E+003 -0.9844754825335981E+001
                      120                        2                        0                       47 -0.9999943859690876E+000  0.1437393320262886E+000 -0.1658397730672500E-002  0.2747133038717279E+001 -0.3169514657568441E-001  0.9999873134680528E+000  0.3798799755681289E+001 -0.3406799236304146E-015  0.1837969271383959E+003  0.4241679896045961E+001  0.1033049778568183E-001  0.1509559690457657E+003 -0.1112955569523770E+002
                      121                        2                        0                       44 -0.9999855958529339E+000  0.1531185622704157E+000 -0.1394470007492888E-002  0.2926388033979575E+001 -0.2665098393794836E-001  0.9999873134680528E+000  0.4018711670270375E+001  0.1653225573628815E-015  0.1713718994748382E+003  0.3121659431510094E+001  0.1172264705587959E-001  0.1569389463370173E+003 -0.9952052721322470E+001
                      122                        2                        0                       43 -0.9999897440013941E+000  0.1556501835973411E+000 -0.1491433551095725E-002  0.2974772150495756E+001 -0.2850414236318536E-001  0.9999873134680528E+000  0.4312957901479749E+001 -0.9315398213210649E-017  0.1779806639866661E+003  0.3411109172901560E+001  0.1211348982694302E-001  0.1676690425028536E+003 -0.1007909545904650E+002
                      123                        2                        0                       40 -0.9999887937289811E+000  0.1673633568025525E+000 -0.1338508914666556E-002  0.3198633251327707E+001 -0.2558146062224361E-001  0.9999873134680528E+000  0.4793893532365106E+001 -0.1240689843436646E-016  0.1711200077569891E+003  0.2737278905205139E+001  0.1400524660010923E-001  0.1822782898320827E+003 -0.8191849218235962E+001
                      124                        2                        0                       39 -0.9999984482058029E+000  0.1717088173251778E+000 -0.2215613736250890E-002  0.3281683297559745E+001 -0.4234460818822694E-001  0.9999873134680528E+000  0.6521041666447932E+001  0.6506529487722295E-016  0.2210707855235483E+003  0.5706044647710805E+001  0.1474195897360565E-001  0.2462131026123716E+003 -0.9113973836393249E+001
                      125                        2                        0                       36 -0.9999981888786239E+000  0.1861175913004912E+000 -0.1929740061079290E-002  0.3557062475109797E+001 -0.3688101651229093E-001  0.9999873134680528E+000  0.7238578942007091E+001  0.6817969102323179E-016  0.2089079299505541E+003  0.4332547748799929E+001  0.1731987889574834E-001  0.2654404870526074E+003 -0.4090307995482256E+001
                      126                        2                        0                       35 -0.9999978761123349E+000  0.1921264060593689E+000 -0.1787060335138025E-002  0.3671902396201303E+001 -0.3415413456868560E-001  0.9999873134680528E+000  0.7460508051254063E+001  0.8182739888061183E-016  0.2020682588950434E+003  0.3759394991432490E+001  0.1845627795264474E-001  0.2700896770379589E+003 -0.1551128627389645E+001
                      127                        2                        0                       34 -0.9999963807970396E+000  0.1976660970515868E+000 -0.1558836797686013E-002  0.3777776466537341E+001 -0.2979234708081355E-001  0.9999873134680528E+000  0.7412689966469624E+001 -0.6775311340769593E-016  0.1896911089244097E+003  0.2992072515654286E+001  0.1953594296180365E-001  0.2650589205573978E+003  0.8757792521049840E+000
                      128                        2                        0                       31 -0.9911648126800936E+000  0.2156883330791111E+000 -0.1553268648322350E-002  0.4122215802137691E+001 -0.2968592911667112E-001  0.9999873134680528E+000  0.8957915109747814E+001  0.4313922722128368E-016  0.1925318571926698E+003  0.2773148510898050E+001  0.2326072851322279E-001  0.3072383019518991E+003  0.1122934971862129E+002
                      129                        2                        0                       30 -0.9818493167466329E+000  0.2235158458168472E+000 -0.1848889406139547E-002  0.4271814513566810E+001 -0.3533580614950534E-001  0.9999873134680528E+000  0.1057521231698008E+002 -0.1731215381003173E-016  0.2116410196912930E+003  0.3501549885670856E+001  0.2497966666561034E-001  0.3558998483942702E+003  0.1875745171909863E+002
                      130                        2                        0                       29 -0.9642338440106077E+000  0.2330121653828001E+000 -0.1821059304061831E-002  0.4453307309297037E+001 -0.3480391977010721E-001  0.9999873134680528E+000  0.1153987597280723E+002 -0.8300333924586861E-016  0.2125107349697859E+003  0.3321857162288246E+001  0.2714733460819073E-001  0.3787942629104090E+003  0.2731544588179769E+002
                      131                        2                        0                       26 -0.8868826466335210E+000  0.2583790717731062E+000 -0.1301103980260969E-002  0.4938117316777199E+001 -0.2486658091835124E-001  0.9999873134680528E+000  0.1248868178105925E+002 -0.1606824431715596E-016  0.1870619065743756E+003  0.1883997321359493E+001  0.3337987236516599E-001  0.3804683809572825E+003  0.4796656123858700E+002
                      132                        2                        0                       23 -0.7434847322181354E+000  0.2906536219171835E+000 -0.7043612892005756E-003  0.5554945583339038E+001 -0.1346168888834483E-001  0.9999873134680528E+000  0.1242749386155176E+002  0.6748317559584727E-017  0.1471095925595529E+003  0.7130044187941696E+000  0.4223976396678841E-001  0.3391158634950800E+003  0.6790551146491627E+002
                      133                        2                        0                       22 -0.6741276153875422E+000  0.3047505641901775E+000 -0.4908116381703727E-003  0.5824365061759526E+001 -0.9380347382984816E-002  0.9999873134680528E+000  0.1178794620820902E+002  0.5099727481882145E-016  0.1269294632793257E+003  0.4088400012911764E+000  0.4643645318711571E-001  0.3049611658022327E+003  0.7143496363658485E+002
                      134                        2                        0                       19 -0.4850927247930414E+000  0.3470592069065168E+000 -0.1924253699243375E-003  0.6632963992830695E+001 -0.3677616166393916E-002  0.9999873134680528E+000  0.1061179295565153E+002  0.2044059588294054E-015  0.8810446091876554E+002  0.9768496955138958E-001  0.6022504654929028E-001  0.2298789146499092E+003  0.7855998181519944E+002
                      135                        2                        0                       18 -0.4365997266514676E+000  0.3607317550416027E+000 -0.1015298057982489E-003  0.6894272489091674E+001 -0.1940428412954552E-002  0.9999873134680528E+000  0.8583927340316350E+001  0.2594251929185635E-016  0.6596804280558260E+002  0.3713099271861604E-001  0.6506369954769758E-001  0.1746540139517842E+003  0.6596858237488470E+002
                      136                        2                        0                       15 -0.2834660877815696E+000  0.4195907333033483E+000 -0.2518624031232572E-004  0.8019179927637522E+001 -0.4813571338317391E-003  0.9999873134680528E+000  0.6379325949508798E+001 -0.1603329952340534E-015  0.3623539666749350E+002  0.4459297411461607E-002  0.8802819173702088E-001  0.9666980822673857E+002  0.5225593694810420E+002
                      137                        2                        0                       14 -0.2351542751240968E+000  0.4497742234937079E+000 -0.1641231367868663E-004  0.8596044046573114E+001 -0.3136706461128233E-003  0.9999873134680528E+000  0.6053837208104558E+001 -0.2545742266016248E-015  0.2992567855094517E+002  0.2373239709349220E-002  0.1011484260596840E+000  0.7781050079851285E+002  0.4894751849255089E+002
                      138                        2                        0                       11 -0.2306902012077557E+000  0.5558622168619157E+000 -0.2376917267360584E-005  0.1062358812573804E+002 -0.4542742660213301E-004  0.9999873134680528E+000  0.3114803908309632E+001  0.4984376371848016E-016  0.1007950038835052E+002  0.3338313430383430E-003  0.1544914020673213E+000  0.2115474222341104E+002  0.2081643996842462E+002
                      139                        2                        0                       10 -0.2946760624317318E+000  0.6168105911743527E+000 -0.1005534692434930E-005  0.1178842791154685E+002 -0.1921768757530616E-004  0.9999873134680528E+000  0.2069876614056801E+001 -0.1001380874045906E-016  0.5439089538302075E+001  0.2084625378261644E-003  0.1902276526924268E+000  0.9326243168856028E+001  0.1163469249935737E+002
                      140                        2                        0                        7 -0.3923228262447430E+000  0.8710021399046938E+000 -0.3159689071909737E-006  0.1664651366884062E+002 -0.6038769012735963E-005  0.9999873134680528E+000  0.1691083399189771E+001  0.7881390514191264E-017  0.2226321550719883E+001  0.1124386941659946E-003  0.3793223638592784E+000  0.6256477762590516E-001  0.3408968218433350E+001
                      141                        2                        0                        6 -0.5069925562245489E+000  0.9640279585607651E+000 -0.2066281341494245E-006  0.1842441465308255E+002 -0.3949058104336917E-005  0.9999873134680528E+000  0.1315954606393225E+001 -0.6851570619932456E-018  0.1413545899473031E+001  0.5748994848392179E-004  0.4646749524434182E+000 -0.8027611422944333E+000  0.1530123730887677E+001
                      142                        2                        0                        5 -0.4316142230577099E+000  0.1132973037014199E+001 -0.1726662078097235E-006  0.2165327762472367E+002 -0.3299980857413217E-005  0.9999873134680528E+000  0.2082085164455539E+001  0.3835550405749084E-018  0.1617533974378724E+001  0.1203388698509453E-004  0.6418139513005904E+000 -0.2687096072455234E+001  0.1509374794313206E+000
                      143                        2                        0                        4 -0.4641102801155504E+000  0.1450925842493956E+001 -0.9071068095997657E-007  0.2772996272109340E+002 -0.1733654283186169E-005  0.9999873134680528E+000  0.2630451802286110E+001 -0.2304423350549633E-017  0.1243884201811220E+001 -0.1019355722581497E-003  0.1052592900208398E+001 -0.5069189609841760E+001 -0.2688465390656350E+001
                      144                        3                        0                      174 -0.9999999343732066E+000  0.5299844139494393E-001 -0.6380134150596465E-003  0.1012901391039887E+001 -0.1219365435296889E-001  0.9999873134680528E+000  0.2755533615683240E-002  0.1420343309533658E-019  0.9806346295706927E+000  0.2361388688364258E-001  0.1404417395146657E-002  0.1456490833480522E+000 -0.1059308337133379E-001
                      145                        3                        0                      165 -0.9999996611434997E+000  0.5586623404230216E-001 -0.5530230993567829E-003  0.1067710383253010E+001 -0.1056932717023476E-001  0.9999873134680528E+000  0.4194440180188027E-002  0.1956355641674460E-019  0.1343581707349464E+001  0.2660272643722653E-001  0.1560518053034637E-002  0.2197003031175238E+000 -0.1708410124018570E-001
                      146                        3                        0                      150 -0.9999990732687840E+000  0.6170062092642027E-001 -0.5400414044654155E-003  0.1179216654668604E+001 -0.1032122219832560E-001  0.9999873134680528E+000  0.1108430446450637E-001 -0.1745021359242727E-018  0.2911025853623990E+001  0.5096192462257673E-001  0.1903483311352911E-002  0.5707673571628417E+000 -0.4871745632704010E-001
                      147                        3                        0                      142 -0.9999996590736249E+000  0.6547916926393467E-001 -0.6438242586790090E-003  0.1251431926786869E+001 -0.1230471066765005E-001  0.9999873134680528E+000  0.2182870998235835E-001  0.2470123030021665E-018  0.5089935594557416E+001  0.1001027401398424E+000  0.2143760803747509E-002  0.1112697299771550E+001 -0.9880403976867695E-001
                      148                        3                        0                      133 -0.9999994430073412E+000  0.6972713163804120E-001 -0.6538312603618349E-003  0.1332618597273147E+001 -0.1249596357354474E-001  0.9999873134680528E+000  0.3637555552965845E-001 -0.1991028992311612E-018  0.7480110315644782E+001  0.1402943047382516E+000  0.2430936443234361E-002  0.1834743739345639E+001 -0.1689498550017941E+000
                      149                        3                        0                      124 -0.9999999453019432E+000  0.7490504448702595E-001 -0.9519540257102188E-003  0.1431578396644158E+001 -0.1819365874672476E-001  0.9999873134680528E+000  0.8062230731387031E-001 -0.3337544405247519E-018  0.1436280278295520E+002  0.3651269830867054E+000  0.2805382844801671E-002  0.4017789141786529E+001 -0.3795003761369729E+000
                      150                        3                        0                      119 -0.9999999498284848E+000  0.7862662028057420E-001 -0.1015960393907079E-002  0.1502704814684539E+001 -0.1941694263348820E-001  0.9999873134680528E+000  0.1151438029489832E+000 -0.4477987468694587E-017  0.1861659890201518E+002  0.4811825471161858E+000  0.3091072708372807E-002  0.5692028294404388E+001 -0.5461995709136435E+000
                      151                        3                        0                      111 -0.9999996709284301E+000  0.8440776232092220E-001 -0.8776906366923433E-003  0.1613193475489313E+001 -0.1677434361104006E-001  0.9999873134680528E+000  0.1582541094760411E+000 -0.5539609859682150E-017  0.2220577176002394E+002  0.4618509552017713E+000  0.3562335170012655E-002  0.7731304007028521E+001 -0.7577151959369498E+000
                      152                        3                        0                      102 -0.9999991306999295E+000  0.9217734590568695E-001 -0.8822294636335501E-003  0.1761685050216257E+001 -0.1686108925867483E-001  0.9999873134680528E+000  0.2554945127875505E+000 -0.9299114760198360E-017  0.3006286422777763E+002  0.5755156944830956E+000  0.4248331549108339E-002  0.1229848652054808E+002 -0.1219318328669086E+001
                      153                        3                        0                       93 -0.9999990079858522E+000  0.1012013910492683E+000 -0.9262276091734683E-003  0.1934151780145645E+001 -0.1770197781402789E-001  0.9999873134680528E+000  0.4129045501115871E+000  0.2052319040452398E-017  0.4030733574228393E+002  0.7378727619303799E+000  0.5120860775153442E-002  0.1956156759217917E+002 -0.1936751656177016E+001
                      154                        3                        0                       76 -0.9999986087253452E+000  0.1245589721398343E+000 -0.1229269426294939E-002  0.2380559745271547E+001 -0.2349368545724315E-001  0.9999873134680528E+000  0.1114218352595089E+001  0.2235694592401575E-016  0.7179759633507925E+002  0.1417274326331020E+001  0.7757468770266025E-002  0.5088020863913689E+002 -0.4746739878675458E+001
                      155                        3                        0                       67 -0.9999993685660038E+000  0.1414770388255988E+000 -0.1572551592435306E-002  0.2703896296850802E+001 -0.3005446299052237E-001  0.9999873134680528E+000  0.1932387392364128E+001  0.8233317188896810E-017  0.9651122507286738E+002  0.2145755359640593E+001  0.1000787625743001E-001  0.8614891909053948E+002 -0.7363486480434782E+001
                      156                        3                        0                       58 -0.9999990257344179E+000  0.1639862183149869E+000 -0.1544317449215901E-002  0.3134089687748196E+001 -0.2951485461357711E-001  0.9999873134680528E+000  0.2914424919019677E+001 -0.1308767497501469E-015  0.1083525527762897E+003  0.2040970459279352E+001  0.1344573989862526E-001  0.1260381863527076E+003 -0.9064093847551739E+001
                      157                        3                        0                       48 -0.9999987119188967E+000  0.1988364045391467E+000 -0.2212044801443157E-002  0.3800143276784838E+001 -0.4227639903082277E-001  0.9999873134680528E+000  0.5648366876311298E+001  0.5380744766797290E-015  0.1428191267098408E+003  0.3178098380005832E+001  0.1976795788502757E-001  0.2334942329466183E+003 -0.9732954633620972E+001
                      158                        3                        0                       35 -0.9791145299579491E+000  0.2720281553782435E+000 -0.2084255155943889E-002  0.5198977361076204E+001 -0.3983409495017766E-001  0.9999873134680528E+000  0.1107795219505092E+002 -0.1764483414965113E-015  0.1496827709588991E+003  0.2293846211355950E+001  0.3699965865924489E-001  0.4110305469757064E+003  0.2131121263790090E+002
                      159                        3                        0                       26 -0.6912370030141900E+000  0.3648962912893399E+000 -0.1290718380595801E-002  0.6973864727039475E+001 -0.2466809228225645E-001  0.9999873134680528E+000  0.1805101734247231E+002 -0.4197613587350415E-015  0.1355698058759305E+003  0.9590920847202196E+000  0.6657465169835719E-001  0.5472637225097641E+003  0.1215678319863912E+003
                      160                        3                        0                        7 -0.4548782541153485E+000  0.1206711747032977E+001 -0.3742920759315619E-006  0.2306256514310402E+002 -0.7153436108452322E-005  0.9999873134680528E+000  0.2482582401126818E+001  0.3112248138933340E-017  0.1703754550121246E+001  0.4036647374267188E-004  0.7280766202136930E+000 -0.3244667545817998E+001  0.4234614308830871E+001
