                                                                                                                                                                                                                                                                



                        1                        2                        3                        4                        5                        6                        7                        8                        9                       10                       11                       12                       13                       14                       15                       16                       17
                        j                        l                      n_p                      n_g                      eta                Re(omega)                Im(omega)                 Re(freq)                 Im(freq)                    x_ref             Re(xi_r_ref)             Im(xi_r_ref)             Re(xi_h_ref)             Im(xi_h_ref)                        H            Re(lag_L_ref)            Im(lag_L_ref)
                        1                        1                        0                      106 -0.9279434225337728E+000  0.1312312308503159E+000 -0.5941051514270163E-003  0.1002696090472431E+001 -0.4539368478109241E-002  0.9999948413035126E+000  0.1597431667466034E+001  0.7996127605740766E-017  0.9274322565618675E+002  0.8438721342320679E+000  0.8610817975244461E-002  0.2991027832079284E+002  0.2982726606930404E+001
                        2                        1                        0                      105 -0.9264850649902743E+000  0.1325244727347118E+000 -0.5471429670507195E-003  0.1012577340332825E+001 -0.4180545365889342E-002  0.9999948413035126E+000  0.1537094161592110E+001 -0.1139035410976490E-015  0.8751907240963294E+002  0.7184160211017327E+000  0.8781367936806660E-002  0.2867340670086570E+002  0.2934882082346587E+001
                        3                        1                        0                      104 -0.9210644248249347E+000  0.1338070555130177E+000 -0.5763598932501747E-003  0.1022377147354230E+001 -0.4403782605119616E-002  0.9999948413035126E+000  0.1636265541611225E+001  0.7001559190383699E-016  0.9136329084890170E+002  0.8210366367502743E+000  0.8952164052531924E-002  0.3040271171725094E+002  0.3213918154244177E+001
                        4                        1                        0                      103 -0.9147808605895845E+000  0.1351358309861636E+000 -0.6165721529739871E-003  0.1032529898063082E+001 -0.4711031690210642E-002  0.9999948413035126E+000  0.1758816862314008E+001  0.1770289368808399E-016  0.9635020818378062E+002  0.8607335477923188E+000  0.9130846408160469E-002  0.3257869458741742E+002  0.3530766923810012E+001
                        5                        1                        0                      102 -0.9176659080206778E+000  0.1364490753464533E+000 -0.4975050641367105E-003  0.1042563980479023E+001 -0.3801277939464780E-002  0.9999948413035126E+000  0.1530653729400844E+001  0.2571231612601385E-016  0.8222082466333705E+002  0.5711009136110111E+000  0.9309175081451054E-002  0.2822970903671067E+002  0.3133988858215150E+001
                        6                        1                        0                       97 -0.8863622883828924E+000  0.1436319806788057E+000 -0.5362372723167416E-003  0.1097446275252272E+001 -0.4097218421511916E-002  0.9999948413035126E+000  0.1848843234527533E+001 -0.5863935871356751E-016  0.8955200575707144E+002  0.7042809508701480E+000  0.1031507293685844E-001  0.3336169539461349E+002  0.4339730293018365E+001
                        7                        1                        0                       96 -0.8843752279729964E+000  0.1451663754788576E+000 -0.4797293251873381E-003  0.1109170097830817E+001 -0.3665459172588136E-002  0.9999948413035126E+000  0.1747564174904813E+001  0.3199373451969609E-016  0.8297007644171002E+002  0.5311121309316185E+000  0.1053663828483432E-001  0.3142482332419336E+002  0.4197505510361107E+001
                        8                        1                        0                       95 -0.8692561010333765E+000  0.1468428873580459E+000 -0.5813554416324568E-003  0.1121979791803818E+001 -0.4441952001232296E-002  0.9999948413035126E+000  0.2059160567781494E+001 -0.5920578838589790E-016  0.9550991840942433E+002  0.7135035328147800E+000  0.1078141678382388E-001  0.3684189438325363E+002  0.5095331016306335E+001
                        9                        1                        0                       94 -0.8657385156973531E+000  0.1481945715547297E+000 -0.5348344276082331E-003  0.1132307580781993E+001 -0.4086499731336971E-002  0.9999948413035126E+000  0.1991028939228930E+001 -0.7163108569863145E-016  0.9058219753395105E+002  0.6835446428114907E+000  0.1098081551914497E-001  0.3543842499115301E+002  0.5058911036876350E+001
                       10                        1                        0                       93 -0.8643439086806447E+000  0.1499833788736598E+000 -0.4524036735831315E-003  0.1145975288489052E+001 -0.3456672560928585E-002  0.9999948413035126E+000  0.1820530655594530E+001 -0.4551716068302123E-016  0.8092851950810230E+002  0.5146201516506512E+000  0.1124750696917988E-001  0.3224631230038638E+002  0.4765300265861923E+001
                       11                        1                        0                       92 -0.8416231828391528E+000  0.1516895646183867E+000 -0.6161354279041718E-003  0.1159011711029421E+001 -0.4707694812873763E-002  0.9999948413035126E+000  0.2323367338596468E+001  0.7563143444751571E-016  0.1010307216392227E+003  0.7741088205645343E+000  0.1150486200705784E-001  0.4098410568766924E+002  0.6254430284878622E+001
                       12                        1                        0                       91 -0.8533035382788838E+000  0.1532876874693300E+000 -0.4201020711047471E-003  0.1171222459373032E+001 -0.3209866291481844E-002  0.9999948413035126E+000  0.1808740039322581E+001 -0.3155385405849706E-016  0.7691839030336608E+002  0.4446399910649455E+000  0.1174855756484750E-001  0.3169052569283908E+002  0.4996815700278452E+001
                       13                        1                        0                       90 -0.8281253566677307E+000  0.1550506401591507E+000 -0.5314247585194488E-003  0.1184692620083384E+001 -0.4060447534440118E-002  0.9999948413035126E+000  0.2226622397300514E+001 -0.2218258866046986E-016  0.9262177556987938E+002  0.6388092905601128E+000  0.1202035050688117E-001  0.3884043719855065E+002  0.6341936138147198E+001
                       14                        1                        0                       89 -0.8166813282503455E+000  0.1568315163400012E+000 -0.5454676009528099E-003  0.1198299728487259E+001 -0.4167744426466622E-002  0.9999948413035126E+000  0.2327007059570473E+001  0.2520863582140587E-016  0.9463291950999239E+002  0.6298098988279961E+000  0.1229806225875203E-001  0.4037710083830209E+002  0.6812633990784431E+001
                       15                        1                        0                       88 -0.8173017070651969E+000  0.1585831578138499E+000 -0.4421487158651053E-003  0.1211683463794450E+001 -0.3378317691091592E-002  0.9999948413035126E+000  0.2068314308811144E+001 -0.5049165556371118E-016  0.8219198271654851E+002  0.4807621897633257E+000  0.1257430897110621E-001  0.3564613637119574E+002  0.6228350766146777E+001
                       16                        1                        0                       87 -0.7984308264093565E+000  0.1604602945987349E+000 -0.4888145791220891E-003  0.1226026068853402E+001 -0.3734876707898117E-002  0.9999948413035126E+000  0.2296283647242288E+001 -0.6231625003328641E-016  0.8914927962964161E+002  0.5978516261080197E+000  0.1287375307135638E-001  0.3934729338336398E+002  0.7141369723361193E+001
                       17                        1                        0                       86 -0.7776621304396588E+000  0.1623835293356599E+000 -0.5832174884748096E-003  0.1240720893700203E+001 -0.4456179308840446E-002  0.9999948413035126E+000  0.2650228208125378E+001  0.1386971973763011E-016  0.1006086489638580E+003  0.6476595080997509E+000  0.1318420529975257E-001  0.4520899315092149E+002  0.8459610847523130E+001
                       18                        1                        0                       85 -0.7862728242184488E+000  0.1640151282105328E+000 -0.4115105839594954E-003  0.1253187421693987E+001 -0.3144221471143962E-002  0.9999948413035126E+000  0.2149682016393010E+001  0.5227331109039431E-016  0.7980319808767577E+002  0.4361809648605435E+000  0.1345048114095875E-001  0.3636732298792508E+002  0.7035911644153926E+001
                       19                        1                        0                       84 -0.7575193044037383E+000  0.1663084053739389E+000 -0.4802338180750756E-003  0.1270709623011597E+001 -0.3669313842264918E-002  0.9999948413035126E+000  0.2497387227400977E+001  0.2330652704895865E-015  0.9033910572738569E+002  0.4830106796027663E+000  0.1382924284901123E-001  0.4201070828728148E+002  0.8449385781120951E+001
                       20                        1                        0                       83 -0.7379647528771905E+000  0.1681782117175063E+000 -0.5541550439666521E-003  0.1284996218500243E+001 -0.4234122415072987E-002  0.9999948413035126E+000  0.2812167525567032E+001 -0.3172120506223487E-016  0.9939275906165378E+002  0.6562068834730868E+000  0.1414195544824918E-001  0.4697344521586567E+002  0.9800109455096319E+001
                       21                        1                        0                       82 -0.7430045178497987E+000  0.1699755513506007E+000 -0.4033060289855349E-003  0.1298729118905715E+001 -0.3081533076444382E-002  0.9999948413035126E+000  0.2343868672883337E+001  0.3902905408528071E-016  0.8107674985202432E+002  0.4166579888921003E+000  0.1444584402847035E-001  0.3887493420406685E+002  0.8370790599043731E+001
                       22                        1                        0                       81 -0.7113422142351430E+000  0.1723948497049275E+000 -0.4724748896402032E-003  0.1317214208056001E+001 -0.3610030338197386E-002  0.9999948413035126E+000  0.2726835117772711E+001  0.5435477191828572E-016  0.9178795367429169E+002  0.4865728448330102E+000  0.1485999210239227E-001  0.4489507135533898E+002  0.1007100155719326E+002
                       23                        1                        0                       76 -0.6294075017819046E+000  0.1834238475533221E+000 -0.3859424118190265E-003  0.1401483272308153E+001 -0.2948863201015289E-002  0.9999948413035126E+000  0.2876754616009761E+001  0.1794899810599037E-015  0.8548749259576769E+002  0.3844769640827537E+000  0.1682215392563215E-001  0.4536704407863478E+002  0.1225458118384378E+002
                       24                        1                        0                       75 -0.6220454547437129E+000  0.1859858260646593E+000 -0.3433792557041294E-003  0.1421058535151814E+001 -0.2623651664416550E-002  0.9999948413035126E+000  0.2735637482421676E+001  0.1258054893209402E-015  0.7915207348486310E+002  0.2602733691675305E+000  0.1729536374847688E-001  0.4273341835869598E+002  0.1199371910711703E+002
                       25                        1                        0                       74 -0.5773192766588532E+000  0.1881400679356436E+000 -0.4485221362839263E-003  0.1437518412026944E+001 -0.3427014969136467E-002  0.9999948413035126E+000  0.3425176689939855E+001  0.6976006376500005E-017  0.9679002671127536E+002  0.4386476239263312E+000  0.1769834258141428E-001  0.5301005368330898E+002  0.1542043673208885E+002
                       26                        1                        0                       73 -0.5905719366640653E+000  0.1909224929476914E+000 -0.2859921294328294E-003  0.1458778036458839E+001 -0.2185174887335085E-002  0.9999948413035126E+000  0.2644371672624839E+001 -0.1926938963403947E-016  0.7252811045008256E+002  0.2169111637735111E+000  0.1822569915668062E-001  0.4039315160285398E+002  0.1225703196103397E+002
                       27                        1                        0                       72 -0.5416434560992327E+000  0.1937173414502118E+000 -0.3605843394251378E-003  0.1480132584829542E+001 -0.2755110236217825E-002  0.9999948413035126E+000  0.3267153029402402E+001  0.1276694028737809E-015  0.8701446553605325E+002  0.3514263572352034E+000  0.1876320418926901E-001  0.4928059766656371E+002  0.1563552609810943E+002
                       28                        1                        0                       71 -0.5160240494986259E+000  0.1960568303395477E+000 -0.3698102140634306E-003  0.1498007875245102E+001 -0.2825602209592338E-002  0.9999948413035126E+000  0.3469488583552406E+001 -0.1297097476489471E-016  0.9024481878976340E+002  0.3588965841972948E+000  0.1921914036139505E-001  0.5179412955341044E+002  0.1701835731681987E+002
                       29                        1                        0                       70 -0.5134609081706902E+000  0.1992127838264578E+000 -0.2712210162486034E-003  0.1522121511934580E+001 -0.2072313510163040E-002  0.9999948413035126E+000  0.2969136560679821E+001  0.1691646379668386E-015  0.7484322314032693E+002  0.1985809875575126E+000  0.1984286661994351E-001  0.4367766475384347E+002  0.1501065217618760E+002
                       30                        1                        0                       69 -0.4812727752596953E+000  0.2018725660994772E+000 -0.2896722589892175E-003  0.1542444062210029E+001 -0.2213293586631835E-002  0.9999948413035126E+000  0.3258924937088419E+001 -0.2081311588827697E-016  0.8005760600899730E+002  0.1758033747933521E+000  0.2037626647179390E-001  0.4736625574957338E+002  0.1689614597493354E+002
                       31                        1                        0                       68 -0.4307053325329348E+000  0.2048483383969995E+000 -0.3504437707879493E-003  0.1565180991746756E+001 -0.2677629376960520E-002  0.9999948413035126E+000  0.3966750558036454E+001 -0.4416387927174452E-016  0.9448508770767656E+002  0.3355994194398881E+000  0.2098142087200578E-001  0.5670623702763403E+002  0.2116629378079728E+002
                       32                        1                        0                       67 -0.4520394484526627E+000  0.2082010057683277E+000 -0.2168442815055972E-003  0.1590797656652686E+001 -0.1656838177148303E-002  0.9999948413035126E+000  0.2977841914188347E+001  0.1485228444888660E-016  0.6867617636994923E+002  0.1523379180535097E+000  0.2167382940147153E-001  0.4181601565510655E+002  0.1633924359124022E+002
                       33                        1                        0                       66 -0.3996374812187214E+000  0.2110442551043878E+000 -0.2571901408345489E-003  0.1612522020396235E+001 -0.1965108054324367E-002  0.9999948413035126E+000  0.3605658171136983E+001 -0.1576864914976461E-015  0.8087066101602693E+002  0.2525150792413664E+000  0.2226983880628293E-001  0.4981979281533171E+002  0.2028208140083297E+002
                       34                        1                        0                       65 -0.3589315011455971E+000  0.2140390672436975E+000 -0.2684896344282499E-003  0.1635404427307516E+001 -0.2051443890522119E-002  0.9999948413035126E+000  0.4001164964750968E+001  0.1928975280517421E-015  0.8748340501917336E+002  0.1506295186552012E+000  0.2290636115327603E-001  0.5453529824929863E+002  0.2304667014606751E+002
                       35                        1                        0                       64 -0.3660813794423006E+000  0.2181258860755535E+000 -0.1843404733019988E-003  0.1666630509990876E+001 -0.1408486918076535E-002  0.9999948413035126E+000  0.3274911013078412E+001 -0.6242282615562430E-016  0.6871027854402061E+002  0.1812358059546160E+000  0.2378945108812264E-001  0.4340599198158730E+002  0.1943012590025920E+002
                       36                        1                        0                       63 -0.3067911083915246E+000  0.2210175231634688E+000 -0.2294865976593476E-003  0.1688724589154279E+001 -0.1753434093377581E-002  0.9999948413035126E+000  0.4165276356816678E+001  0.4704092249874088E-016  0.8529492030507072E+002  0.1693748234894089E+000  0.2442437277265717E-001  0.5438663908974500E+002  0.2523893943708374E+002
                       37                        1                        0                       62 -0.3033446181600323E+000  0.2245720522953082E+000 -0.1649497352450958E-003  0.1715883615560357E+001 -0.1260328456748008E-002  0.9999948413035126E+000  0.3564260817984247E+001 -0.1122026998560666E-015  0.7070942197735654E+002  0.8626476288044532E-001  0.2521630333606337E-001  0.4551882798335288E+002  0.2209186910403544E+002
                       38                        1                        0                       59 -0.2328306574225483E+000  0.2359216574551382E+000 -0.1090212091795777E-003  0.1802602338294488E+001 -0.8329963798604158E-003  0.9999948413035126E+000  0.3518375843425940E+001 -0.6267017480511384E-016  0.6302635431381366E+002  0.1612637589817014E+000  0.2782951422818978E-001  0.4143642121315583E+002  0.2323029995720117E+002
                       39                        1                        0                       58 -0.2468046607877931E+000  0.2403871744065847E+000 -0.9084907085719198E-004  0.1836721932846343E+001 -0.6941488514686136E-003  0.9999948413035126E+000  0.3045621378205746E+001  0.7214228866900002E-016  0.5345240306185628E+002 -0.3816865236643739E+000  0.2889299680959074E-001  0.3545975497537323E+002  0.2060226705317982E+002
                       40                        1                        0                       57 -0.1608401379160499E+000  0.2436564065340505E+000 -0.9551772880976722E-004  0.1861701095594545E+001 -0.7298205817912508E-003  0.9999948413035126E+000  0.4203448997628468E+001  0.8734824834923761E-016  0.7029993656939126E+002  0.3256418490023668E+000  0.2968422222254327E-001  0.4649945927695870E+002  0.2869188296063335E+002
                       41                        1                        0                       55 -0.1933864650513139E+000  0.2529283102273285E+000 -0.5977155491447491E-004  0.1932544762336427E+001 -0.4566954378608417E-003  0.9999948413035126E+000  0.2982838148563175E+001 -0.6587309875184244E-016  0.4706500510751768E+002 -0.2094498720739696E+000  0.3198636505722589E-001  0.3127260724052616E+002  0.2114514547683767E+002
                       42                        1                        0                       54 -0.9444160661674809E-001  0.2572712103793839E+000 -0.4658857237533212E-004  0.1965727480928353E+001 -0.3559684617659362E-003  0.9999948413035126E+000  0.4078327240289402E+001  0.2468020757604627E-015  0.6165882232494069E+002  0.1355896598523584E-002  0.3309423784503659E-001  0.4075429437620509E+002  0.2915835157917605E+002
                       43                        1                        0                       53 -0.2418816292351970E+000  0.2628050364254859E+000 -0.4765404277014632E-004  0.2008009685444974E+001 -0.3641093821282003E-003  0.9999948413035126E+000  0.2403251491696954E+001  0.1115596638987086E-016  0.3468688788549248E+002  0.7031856831310632E-001  0.3453324358530042E-001  0.2275209657650320E+002  0.1736445807480800E+002
                       44                        1                        0                       52 -0.8048826474998488E-001  0.2670562075511891E+000 -0.3007294858255348E-004  0.2040491531725406E+001 -0.2297778339601105E-003  0.9999948413035126E+000  0.3692911772208534E+001 -0.1730533690522085E-015  0.5176197983920738E+002  0.2131284253385975E-001  0.3565950899581192E-001  0.3374007944306692E+002  0.2690779316616093E+002
                       45                        1                        0                       51 -0.8054560412704298E-001  0.2724264195426394E+000 -0.2529271671887907E-004  0.2081523613295816E+001 -0.1932536028742559E-003  0.9999948413035126E+000  0.3447233324108356E+001  0.1763298538705029E-015  0.4645959533497376E+002  0.3457579543928621E-002  0.3710807703241114E-001  0.2994100729287490E+002  0.2529134092901539E+002
                       46                        1                        0                       50 -0.1775908041332692E+000  0.2774067090759815E+000 -0.3310761318603745E-004  0.2119576421397560E+001 -0.2529647408731391E-003  0.9999948413035126E+000  0.2547295110634265E+001  0.1391474454851401E-015  0.3306967279015295E+002  0.2429584492311353E-001  0.3847724112018314E-001  0.2102190430210521E+002  0.1874525069258664E+002
                       47                        1                        0                       49 -0.3286532931526446E-001  0.2831658300885661E+000 -0.1090673258921932E-004  0.2163580033087089E+001 -0.8333487429918552E-004  0.9999948413035126E+000  0.3826766615472156E+001  0.1241220411410121E-015  0.4775230848913841E+002 -0.9774854061254463E-002  0.4009144366487332E-001  0.2981833712907187E+002  0.2821718814723395E+002
                       48                        1                        0                       48 -0.1236085421160074E+000  0.2875719612734777E+000 -0.2467316377494875E-004  0.2197245879887374E+001 -0.1885197959085329E-003  0.9999948413035126E+000  0.2828481348902756E+001 -0.6251591987549169E-016  0.3425696741194982E+002 -0.2059107303754084E-001  0.4134881645533724E-001  0.2105459265272000E+002  0.2085377804974645E+002
                       49                        1                        0                       47 -0.5769793436402352E-001  0.2939761265965076E+000 -0.1236837150831804E-004  0.2246178069965402E+001 -0.9450279233490291E-004  0.9999948413035126E+000  0.3161396535110574E+001 -0.1204828242670519E-015  0.3652595939765511E+002  0.3002860268429218E-001  0.4321098150434291E-001  0.2182712917671027E+002  0.2315261396621688E+002
                       50                        1                        0                       44 -0.1129157038828743E+000  0.3135683781318638E+000 -0.1484391617601983E-004  0.2395876231681660E+001 -0.1134176416738206E-003  0.9999948413035126E+000  0.2610075395710920E+001  0.7290162603724590E-016  0.2657369919844996E+002 -0.9549772191788859E-002  0.4916256388212405E-001  0.1429512181865955E+002  0.1852589717357240E+002
                       51                        1                        0                       43 -0.7557942355878172E-001  0.3201753946417565E+000 -0.1138088952176283E-004  0.2446358343151852E+001 -0.8695775659215172E-004  0.9999948413035126E+000  0.2964200351093561E+001 -0.4250176003170181E-016  0.2890711092658836E+002  0.5847378072418255E-002  0.5125614166700250E-001  0.1487697608558629E+002  0.2065281499112072E+002
                       52                        1                        0                       42 -0.2284401038166821E+000  0.3254394004990120E+000 -0.2094596024250918E-004  0.2486578937434889E+001 -0.1600414193349339E-003  0.9999948413035126E+000  0.2145096420817933E+001 -0.2002781204745214E-016  0.2026177881073202E+002 -0.5073973881305621E-003  0.5295540169857811E-001  0.1004443742817456E+002  0.1472233890547153E+002
                       53                        1                        0                       41 -0.1788779505873787E+000  0.3354361245541352E+000 -0.1553246787874187E-004  0.2562960725997376E+001 -0.1186786462070709E-003  0.9999948413035126E+000  0.2265017417678550E+001 -0.7632631374314586E-016  0.2011253975714426E+002  0.8719330908324652E-002  0.5625869682794859E-001  0.9213283794020530E+001  0.1499998716402339E+002
                       54                        1                        0                       40 -0.1547341232147757E+000  0.3426155109975149E+000 -0.1374750267532148E-004  0.2617816134059338E+001 -0.1050402948824507E-003  0.9999948413035126E+000  0.2401513434859357E+001 -0.9426012690130514E-016  0.2046409754571460E+002 -0.3528306803391107E-003  0.5869269418804410E-001  0.8814274398253072E+001  0.1548181808639357E+002
                       55                        1                        0                       39 -0.3341773822725581E+000  0.3518714226780530E+000 -0.1886470086830509E-004  0.2688537610918909E+001 -0.1441391785020803E-003  0.9999948413035126E+000  0.1765662564684461E+001 -0.5884971327775655E-016  0.1426610528861285E+002 -0.2439835045245464E-003  0.6190674904873851E-001  0.5631421156268036E+001  0.1093964644925503E+002
                       56                        1                        0                       38 -0.3838766290891807E+000  0.3606534217164712E+000 -0.1963526525980426E-004  0.2755638072030932E+001 -0.1500268159021651E-003  0.9999948413035126E+000  0.1680997037177146E+001  0.7972723474028318E-016  0.1293240215990081E+002 -0.1296801697826691E-002  0.6503544529789965E-001  0.4663249421508050E+001  0.9996797016064567E+001
                       57                        1                        0                       37 -0.2104956577270275E+000  0.3695619735482212E+000 -0.1265124720839281E-004  0.2823705482780553E+001 -0.9666415557684445E-004  0.9999948413035126E+000  0.2156096186775806E+001 -0.5123901742616787E-016  0.1579188578511465E+002 -0.3466032671223994E-003  0.6828802614642820E-001  0.5151407726159076E+001  0.1225190180054674E+002
                       58                        1                        0                       36 -0.5412450643310207E+000  0.3796548026585004E+000 -0.1911760801868427E-004  0.2900821579498615E+001 -0.1460715615887479E-003  0.9999948413035126E+000  0.1319207653247539E+001  0.1915036429950506E-016  0.9138875331277884E+001  0.4726359740911342E-002  0.7206888459083235E-001  0.2630997838381491E+001  0.7084119752413584E+001
                       59                        1                        0                       33 -0.8234141172690438E+000  0.4151599492973361E+000 -0.2012003263824153E-004  0.3172105110832842E+001 -0.1537307692370389E-003  0.9999948413035126E+000  0.8054049026301804E+000 -0.2398425816086481E-016  0.4673794053562694E+001  0.2712318006970227E-003  0.8617889175028338E-001  0.7662589340418251E+000  0.3493222285893816E+001
                       60                        1                        0                       32 -0.3545523890004773E+000  0.4263880870961897E+000 -0.9705426812382037E-005  0.3257895740100335E+001 -0.7415607899191133E-004  0.9999948413035126E+000  0.1782762389027587E+001  0.6550732129233347E-016  0.9809936736461209E+001 -0.3348049037955324E-003  0.9090340040877390E-001  0.1265118595952607E+001  0.7178706039621948E+001
                       61                        1                        0                       27 -0.9116412703576927E+000  0.5074358983881003E+000 -0.1187013263054841E-004  0.3877156284996387E+001 -0.9069590755889397E-004  0.9999948413035126E+000  0.6362675974467398E+000 -0.7165792547302868E-018  0.2473541113227281E+001 -0.1420750214524588E-003  0.1287455954864692E+000 -0.1466111746614915E+000  0.1399010735599181E+001
                       62                        1                        0                       26 -0.7364194498569302E+000  0.5229372932710286E+000 -0.6891972330294240E-005  0.3995597512326718E+001 -0.5265936824986787E-004  0.9999948413035126E+000  0.1083648196138999E+001 -0.7810418044130364E-017  0.3964486610022860E+001 -0.5493507232940879E-004  0.1367317063468148E+000 -0.3297181886909450E+000  0.2092655663989759E+001
                       63                        1                        0                       25 -0.9222124557797945E+000  0.5461794826210224E+000 -0.9877984455419724E-005  0.4173183687844959E+001 -0.7547453705203864E-004  0.9999948413035126E+000  0.5567416025788178E+000  0.1019314736756570E-017  0.1866013336404513E+001  0.9223590564029729E-004  0.1491560136180842E+000 -0.2110525019667674E+000  0.8772200383071708E+000
                       64                        1                        0                       24 -0.9185336290748211E+000  0.5665182678328912E+000 -0.9132619352822384E-005  0.4328585875912221E+001 -0.6977943940259726E-004  0.9999948413035126E+000  0.5558210670359049E+000  0.1718681445393600E-017  0.1730385626258739E+001  0.1484611667489058E-003  0.1604714738941899E+000 -0.2316327464578998E+000  0.7249169665938613E+000
                       65                        1                        0                       23 -0.7957973956837057E+000  0.5912745546528132E+000 -0.5085775490733389E-005  0.4517740788566082E+001 -0.3885879274724948E-004  0.9999948413035126E+000  0.9060760508542144E+000  0.5711370213104083E-018  0.2593309945751345E+001 -0.3314940822431725E-004  0.1748027994899420E+000 -0.4010519577588293E+000  0.9272357999251879E+000
                       66                        1                        0                       22 -0.9195536723481061E+000  0.6181748713045569E+000 -0.8173172763702771E-005  0.4723277551152264E+001 -0.6244861321363426E-004  0.9999948413035126E+000  0.4420830172501765E+000 -0.8501974881030577E-018  0.1158830924560155E+001 -0.4301006031005336E-004  0.1910700857562029E+000 -0.1980123677326700E+000  0.3376514098440461E+000
                       67                        1                        0                       21 -0.8945415520630196E+000  0.6481514847670189E+000 -0.6407575689632655E-005  0.4952319319103810E+001 -0.4895824760440696E-004  0.9999948413035126E+000  0.5201602418077943E+000  0.2992704226326487E-018  0.1240994833731976E+001 -0.4885813692297404E-004  0.2100501736028453E+000 -0.2259990113316435E+000  0.2716399553038131E+000
                       68                        1                        0                       20 -0.8109248559847322E+000  0.6797889737775725E+000 -0.4465250114961980E-005  0.5194051308796340E+001 -0.3411755573915790E-004  0.9999948413035126E+000  0.7781620562059974E+000 -0.2578657992117319E-018  0.1683574929410256E+001  0.2839711442375846E-004  0.2310565244347826E+000 -0.3116675030125307E+000  0.2412656825947826E+000
                       69                        1                        0                       19 -0.8597842438812968E+000  0.7063142220324321E+000 -0.5739700537868066E-005  0.5396722293070618E+001 -0.4385522601984318E-004  0.9999948413035126E+000  0.5025932099109984E+000  0.4231776537650993E-018  0.1007620161079389E+001  0.1478086451444116E-004  0.2494398901226389E+000 -0.1871698891663576E+000  0.8378570855506454E-001
                       70                        1                        0                       18 -0.8590487546752117E+000  0.7504629366311885E+000 -0.5449915460869191E-005  0.5734048577680784E+001 -0.4164107042668678E-004  0.9999948413035126E+000  0.4126381135006070E+000 -0.3070170600160615E-019  0.7336106568438431E+000  0.1055905231947255E-004  0.2815973096285544E+000 -0.1329562139175368E+000 -0.8700843116830300E-002
                       71                        1                        0                       17 -0.7866295906772218E+000  0.7913558132715454E+000 -0.3278342520571913E-005  0.6046498040127921E+001 -0.2504877236392300E-004  0.9999948413035126E+000  0.7897771950443139E+000 -0.7264594675284900E-018  0.1262412882818282E+001  0.1898416198088441E-004  0.3131220115993342E+000 -0.2154417142357271E+000 -0.1193954676262912E+000
                       72                        1                        0                       16 -0.8439268658649710E+000  0.8278109447368927E+000 -0.3805757409216858E-005  0.6325040103332796E+001 -0.2907858175818554E-004  0.9999948413035126E+000  0.6170439953921317E+000 -0.5172509966449757E-018  0.9000497854687033E+000  0.3671382266836357E-005  0.3426354801130932E+000 -0.1412313170907896E+000 -0.1474518132856862E+000
                       73                        1                        0                       15 -0.8747963478959316E+000  0.8888038079621624E+000 -0.3839916406960760E-005  0.6791067169500106E+001 -0.2933957979402150E-004  0.9999948413035126E+000  0.4600843566083057E+000  0.6778046393663676E-018  0.5841906238915310E+000  0.3613909581462397E-004  0.3949861045240195E+000 -0.8191375600554988E-001 -0.1547622801942067E+000
                       74                        1                        0                       12 -0.8977750817628335E+000  0.1096776554884107E+001 -0.2477879868976002E-005  0.8380120772916369E+001 -0.1893269186903002E-004  0.9999948413035126E+000  0.5861664801465569E+000 -0.8927946526616866E-018  0.4880587554315216E+000  0.2283200456869705E-004  0.6014594056717264E+000 -0.4894692003087996E-001 -0.2396166447028213E+000
                       75                        1                        0                       11 -0.7552192877126445E+000  0.1199598903403802E+001 -0.1366326665475392E-005  0.9165753630322763E+001 -0.1043966742446439E-004  0.9999948413035126E+000  0.1232770262530437E+001  0.8150383484072887E-017  0.8569655797245287E+000  0.1009066869768830E-004  0.7195187645238025E+000 -0.1176260687610954E+000 -0.4434654349202584E+000
                       76                        1                        0                       10 -0.8328071401524633E+000  0.1277686222470770E+001 -0.1548313343105761E-005  0.9762393995856103E+001 -0.1183016973855282E-004  0.9999948413035126E+000  0.1038879611288622E+001 -0.4799296583263234E-017  0.6368973893614563E+000  0.1580850644387908E-004  0.8162410415458113E+000 -0.1348461699369287E+000 -0.3130128483683464E+000
                       77                        1                        0                        9 -0.8757516546313903E+000  0.1447002169991346E+001 -0.1415287369212445E-005  0.1105608329171557E+002 -0.1081376058739385E-004  0.9999948413035126E+000  0.8940463361150902E+000 -0.4669244548825756E-017  0.4271923093344587E+000  0.5921313476718095E-005  0.1046907639979831E+001 -0.2324849185119580E+000 -0.1183266206744353E+000
                       78                        1                        0                        8 -0.5269027263184330E+000  0.1612502503932322E+001 -0.5869908149542667E-006  0.1232061869795420E+002 -0.4485010096180567E-005  0.9999948413035126E+000  0.2155371086054910E+001  0.3648837369750641E-017  0.8293673037623737E+000  0.1043150688417145E-004  0.1300082162594007E+001 -0.9760676598487885E+000  0.1545824563140188E+000
                       79                        1                        0                        7 -0.7168842156742714E+000  0.1775832455727066E+001 -0.8004950221469245E-006  0.1356857090460871E+002 -0.6116327827976257E-005  0.9999948413035126E+000  0.1672044567709985E+001  0.3531298363037631E-017  0.5303513392929354E+000  0.3189082396579681E-005  0.1576790455406813E+001 -0.1160922285427834E+001  0.5024955184433377E+000
                       80                        1                        0                        6 -0.5756374159339487E+000  0.2126517778207756E+001 -0.6016100316556713E-006  0.1624804590121624E+002 -0.4596710880645415E-005  0.9999948413035126E+000  0.2258755055872483E+001  0.1096463256940992E-017  0.4995821802931572E+000  0.9972838381189673E-006  0.2261038930516826E+001 -0.3044972750110686E+001  0.1953287167652097E+001
                       81                        1                        0                        5  0.7627401796537527E-001  0.2459241895664792E+001  0.3007670501052447E-006  0.1879028504367001E+002  0.2298065356313228E-005  0.9999948413035126E+000  0.8394756228317723E+001 -0.3891248893150612E-017  0.1388274230468264E+001 -0.1109389045898100E-005  0.3023935350696487E+001 -0.1753972885735733E+002  0.1242715362527353E+002
                       82                        1                        0                        4  0.1004975176298645E-001  0.2890868093949271E+001  0.6866202906188903E-007  0.2208820352512487E+002  0.5246247227749358E-006  0.9999948413035126E+000  0.1218855787321123E+002 -0.1408571368262487E-016  0.1458527441180621E+001 -0.1093609836581838E-005  0.4178559168306940E+001 -0.3830775413672517E+002  0.2905489548026688E+002
                       83                        1                        1                        2 -0.4235909345772628E+000  0.4304081266632791E+001 -0.1165910282535311E-001  0.3288611583663997E+002 -0.8908349594565659E-001  0.9999948413035126E+000  0.1033797056796870E+004 -0.1908101210703015E-013  0.5580479045779584E+002  0.3023368412250125E+000  0.9262557774889665E+001 -0.6220721691613606E+004  0.6099302952605975E+004
                       84                        2                        0                      175 -0.8781524132211788E+000  0.1374084297175831E+000 -0.9936359575222411E-003  0.1049894102059660E+001 -0.7592056277341420E-002  0.9999948413035126E+000  0.1255686998340337E+001  0.3487495813147797E-016  0.6649564030069627E+002  0.9617441235587353E+000  0.9440538278725990E-002  0.2857977421456207E+002  0.3477722184520375E+001
                       85                        2                        0                      164 -0.8747278224727529E+000  0.1468277163814351E+000 -0.9639744254795643E-003  0.1121863875197399E+001 -0.7365421946291532E-002  0.9999948413035126E+000  0.1399542559653415E+001  0.6013554200508018E-016  0.6491133120253772E+002  0.8523651020384887E+000  0.1077918914889356E-001  0.3121670629180403E+002  0.3957987775073432E+001
                       86                        2                        0                      157 -0.8721550171752825E+000  0.1534611593563773E+000 -0.8791574806577497E-003  0.1172547902880817E+001 -0.6717362651049124E-002  0.9999948413035126E+000  0.1433486873517277E+001 -0.1220205291420137E-015  0.6086402326102099E+002  0.6973836790824111E+000  0.1177516371550173E-001  0.3154357204469891E+002  0.4150499954769240E+001
                       87                        2                        0                      147 -0.8629805472893770E+000  0.1640272900230598E+000 -0.7700869164302586E-003  0.1253280346234852E+001 -0.5883989164967368E-002  0.9999948413035126E+000  0.1501366144202832E+001 -0.1249240020571820E-016  0.5579975833026300E+002  0.5239553845133239E+000  0.1345247593615449E-001  0.3236438987159319E+002  0.4575483488872711E+001
                       88                        2                        0                      138 -0.8491188191289050E+000  0.1749243545950076E+000 -0.6927163757782283E-003  0.1336541350289447E+001 -0.5292825475296447E-002  0.9999948413035126E+000  0.1591244941880870E+001 -0.3227195154231470E-016  0.5200231569334029E+002  0.4118735676728960E+000  0.1529926491523998E-001  0.3361662415157000E+002  0.5181465686296142E+001
                       89                        2                        0                      129 -0.8115090418984997E+000  0.1873092903943115E+000 -0.7080127473154396E-003  0.1431170705102697E+001 -0.5409700184459770E-002  0.9999948413035126E+000  0.1922185042304333E+001 -0.7511176997338302E-016  0.5478536880323301E+002  0.4141725083909573E+000  0.1754238513401028E-001  0.3972616131744839E+002  0.6829787273249144E+001
                       90                        2                        0                      118 -0.7540751382349309E+000  0.2048551424188367E+000 -0.6605180296717541E-003  0.1565232979113266E+001 -0.5046808154941777E-002  0.9999948413035126E+000  0.2270327160865232E+001 -0.8799101168160275E-016  0.5409882278951718E+002  0.3488626586339632E+000  0.2098281468772089E-001  0.4550950695921689E+002  0.9226328761181801E+001
                       91                        2                        0                      107 -0.6631528529272478E+000  0.2261129220685235E+000 -0.5880675029401184E-003  0.1727656911349165E+001 -0.4493236726587651E-002  0.9999948413035126E+000  0.2701951630429347E+001  0.9607765868145387E-016  0.5284752157753198E+002  0.2748832775865013E+000  0.2556352676318310E-001  0.5213578308812744E+002  0.1300372091164433E+002
                       92                        2                        0                       98 -0.5513457596000992E+000  0.2469688410834951E+000 -0.5504374379823583E-003  0.1887010354306462E+001 -0.4205717370311804E-002  0.9999948413035126E+000  0.3303429049500465E+001 -0.2380720653964967E-015  0.5416026320305647E+002  0.2414206694622897E+000  0.3049680423306238E-001  0.6116379146950386E+002  0.1871462692399145E+002
                       93                        2                        0                       87 -0.3898973494360225E+000  0.2785104816373479E+000 -0.3589658409441100E-003  0.2128009996430589E+001 -0.2742743804166196E-002  0.9999948413035126E+000  0.3680920437000507E+001  0.1301846956445005E-015  0.4745453467758605E+002  0.1223325940789437E+000  0.3878404419093379E-001  0.6308402994760637E+002  0.2610347110499515E+002
                       94                        2                        0                       74 -0.1367380420144425E+000  0.3261219505675441E+000 -0.1503933231274372E-003  0.2491794085390404E+001 -0.1149107542129522E-002  0.9999948413035126E+000  0.4843083272480040E+001  0.1130667619201606E-015  0.4553739586262755E+002  0.4200092840163477E-001  0.5317776332099008E-001  0.6984955756093977E+002  0.4467668563404303E+002
                       95                        2                        0                       65  0.1769299059308663E-001  0.3706526159941281E+000  0.1755506212860799E-004  0.2832038734778024E+001  0.1341326454861449E-003  0.9999948413035126E+000  0.5092852662087517E+001 -0.2647394432988807E-015  0.3707092933672094E+002 -0.3504023499496441E-002  0.6869168087164512E-001  0.5708114280476329E+002  0.5422277360249313E+002
                       96                        2                        0                       50  0.9804920870112515E-002  0.4801700714377778E+000  0.2458932020723867E-005  0.3668826774487034E+001  0.1878791738781715E-004  0.9999948413035126E+000  0.3346198200291263E+001 -0.8518102849538232E-016  0.1451331991337424E+002 -0.1233471674162570E-003  0.1152816487522808E+000  0.1131433353329796E+002  0.3363297878743187E+002
                       97                        2                        0                       47  0.1046934487778765E+000  0.5085601560965606E+000  0.2794225691121580E-004  0.3885746380522066E+001  0.2134978966691976E-003  0.9999948413035126E+000  0.4291122789759767E+001 -0.1294898656827621E-015  0.1659165177774771E+002 -0.1762550013894566E-002  0.1293167161844793E+000  0.8381646493227876E+001  0.3948615505083671E+002
                       98                        2                        0                       44  0.3508073937361052E-001  0.5424672696651798E+000  0.5824091360145399E-005  0.4144819849498656E+001  0.4450002944827213E-004  0.9999948413035126E+000  0.3775320568469257E+001 -0.2650556072143114E-016  0.1282937112775808E+002 -0.1802952578845304E-003  0.1471353693289974E+000  0.2445387984088822E+001  0.3050722428655871E+002
                       99                        2                        0                       33 -0.7835367472929688E+000  0.7183496932874497E+000 -0.1956338410568696E-004  0.5488681500465116E+001 -0.1494775948688406E-003  0.9999948413035126E+000  0.1432630470733903E+001 -0.2008655648805318E-016  0.2775686154501635E+001  0.2489467345115369E-003  0.2580131409230866E+000 -0.2411806507295328E+001  0.4791228934902517E+001
                      100                        2                        0                       26 -0.7875069662746975E+000  0.8996808106084490E+000 -0.7603994827441280E-005  0.6874174886762392E+001 -0.5809970565729557E-004  0.9999948413035126E+000  0.1775387698675338E+001  0.1621600644061895E-016  0.2191946009254770E+001  0.1218710010310540E-003  0.4047127804885371E+000 -0.2749637436009626E+001  0.2061146523784889E+001
                      101                        2                        0                       13 -0.9025394004421406E+000  0.1713674417219901E+001 -0.2868356399618951E-005  0.1309364110475293E+002 -0.2191619882968260E-004  0.9999948413035126E+000  0.1744027106633599E+001  0.5356488804720015E-017  0.5923937971868879E+000 -0.1761096654756997E-004  0.1468340004116979E+001 -0.1988255131090499E+001  0.3894751288401148E+000
                      102                        2                        0                       12 -0.8936834424726603E+000  0.1884533442733475E+001 -0.2456038346526600E-005  0.1439912056870613E+002 -0.1876580774374919E-004  0.9999948413035126E+000  0.1937180448960946E+001  0.8123284014050900E-018  0.5440672866956591E+000 -0.1449336049987724E-004  0.1775733148390444E+001 -0.2595145742614080E+001  0.8391943054034735E+000
                      103                        2                        0                        9 -0.3257307161218134E+000  0.2474642084914675E+001 -0.1061789091529384E-005  0.1890795299095160E+002 -0.8112792694881785E-005  0.9999948413035126E+000  0.6682508990143139E+001 -0.3301752714638566E-017  0.1089230140383611E+001  0.1164567860091586E-004  0.3061926724215420E+001 -0.1613491319406517E+002  0.9538983634019640E+001
                      104                        2                        1                        5 -0.2873617965051266E+000  0.3954912954560694E+001 -0.2972820512569086E-002  0.3021823183400580E+002 -0.2271437588685922E-001  0.9999948413035126E+000  0.5990481836335467E+003  0.3096910168455215E-015  0.3830173503014412E+002  0.5734991043778587E-001  0.7820668239076011E+001 -0.3395200397607672E+004  0.2957254748004242E+004
                      106                        3                        0                      254 -0.8298939262046817E+000  0.1327341661324832E+000 -0.1399968375158009E-002  0.1014179540882046E+001 -0.1069671302677261E-001  0.9999948413035126E+000  0.7703838443703840E+000  0.3096851584531699E-017  0.4371228059283739E+002  0.9221855081203182E+000  0.8809179429442825E-002  0.1961832731257795E+002  0.3464229092267944E+001
                      107                        3                        0                      248 -0.7614314471964205E+000  0.1359935816984595E+000 -0.1311816778435809E-002  0.1039083698406538E+001 -0.1002317471710705E-001  0.9999948413035126E+000  0.9778490259201564E+000 -0.6613924338997305E-017  0.5285918186067425E+002  0.1019874173692223E+001  0.9247127131587752E-002  0.2474851366064346E+002  0.4322807649379538E+001
                      108                        3                        0                      243 -0.7088362774997891E+000  0.1388852934451975E+000 -0.1257446860451387E-002  0.1061178348014257E+001 -0.9607751468776253E-002  0.9999948413035126E+000  0.1153394903775545E+001 -0.9787347472876632E-017  0.5978130475897423E+002  0.1082593267497481E+001  0.9644562367679316E-002  0.2903388587383964E+002  0.5033004116357390E+001
                      109                        3                        0                      238 -0.6704409652138373E+000  0.1419261861959506E+000 -0.1233849573963306E-002  0.1084412842219406E+001 -0.9427452108981750E-002  0.9999948413035126E+000  0.1314956492050218E+001  0.1635065638714531E-016  0.6526713205718482E+002  0.1134900963396287E+001  0.1007152116406384E-001  0.3291498946666916E+002  0.5672250801633651E+001
                      110                        3                        0                      233 -0.6614359006400580E+000  0.1450376151153052E+000 -0.1212499256320743E-002  0.1108186280851389E+001 -0.9264321123378480E-002  0.9999948413035126E+000  0.1397870875477146E+001  0.2266180029928848E-016  0.6643873902138776E+002  0.1110921764735650E+001  0.1051795489916767E-001  0.3479262886557501E+002  0.5969999670209101E+001
                      111                        3                        0                      229 -0.6676927822317265E+000  0.1476446552157310E+000 -0.1199652574954424E-002  0.1128105844963254E+001 -0.9166163717568229E-002  0.9999948413035126E+000  0.1426443687386823E+001 -0.6163607015301847E-018  0.6542441295987510E+002  0.1063254354184644E+001  0.1089947210688604E-001  0.3533797507114672E+002  0.6049481956484424E+001
                      112                        3                        0                      225 -0.6785413187881030E+000  0.1503551188167175E+000 -0.1200274457542304E-002  0.1148815635144045E+001 -0.9170915324602314E-002  0.9999948413035126E+000  0.1448444570406518E+001 -0.6380601553329277E-017  0.6406031851653529E+002  0.1022845389562817E+001  0.1130333087719461E-001  0.3571104740814122E+002  0.6106354036021137E+001
                      113                        3                        0                      217 -0.7070870278786264E+000  0.1567160193057335E+000 -0.1218912123448340E-002  0.1197417252387851E+001 -0.9313319801177174E-002  0.9999948413035126E+000  0.1487755177308990E+001  0.4200783329002569E-017  0.6056650964279683E+002  0.9422117391628386E+000  0.1227995535351751E-001  0.3627881336282878E+002  0.6213573041538781E+001
                      114                        3                        0                      212 -0.7286503616853448E+000  0.1604939750274877E+000 -0.1161808798222132E-002  0.1226283410295809E+001 -0.8877011457604578E-002  0.9999948413035126E+000  0.1442779547482681E+001 -0.1225522407546680E-016  0.5600424046611214E+002  0.8108681242900354E+000  0.1287915801006197E-001  0.3495930742538048E+002  0.6004470545057629E+001
                      115                        3                        0                      207 -0.7401705858120112E+000  0.1643971288540919E+000 -0.1150155235218285E-002  0.1256106167097599E+001 -0.8787970289672839E-002  0.9999948413035126E+000  0.1459038001195158E+001  0.4071288235135155E-016  0.5397852940094475E+002  0.7553271585543183E+000  0.1351320798773448E-001  0.3512626247897719E+002  0.6064569464905324E+001
                      116                        3                        0                      200 -0.7562160816791494E+000  0.1702869728492637E+000 -0.1099456392184201E-002  0.1301108591514294E+001 -0.8400596557274221E-002  0.9999948413035126E+000  0.1457894483839229E+001  0.7629608227215830E-016  0.5027077740632139E+002  0.6491736584799033E+000  0.1449882656108293E-001  0.3476744230301382E+002  0.6067295774071561E+001
                      117                        3                        0                      197 -0.7609469796397151E+000  0.1729284802085702E+000 -0.1081257561609850E-002  0.1321291508987284E+001 -0.8261545081875921E-002  0.9999948413035126E+000  0.1466462579306599E+001  0.1427353401347013E-016  0.4903358760788618E+002  0.6132024536541266E+000  0.1495212963362290E-001  0.3482643231560478E+002  0.6114158888122837E+001
                      118                        3                        0                      192 -0.7657578327250242E+000  0.1774760904926769E+000 -0.1054480539502714E-002  0.1356038352580233E+001 -0.8056950373685272E-002  0.9999948413035126E+000  0.1493692500024338E+001 -0.6134431569428489E-016  0.4741788394078655E+002  0.5634907746188005E+000  0.1574888134828243E-001  0.3522407165553825E+002  0.6257968363685292E+001
                      119                        3                        0                      189 -0.7680378868439641E+000  0.1803563814370356E+000 -0.1033982982328727E-002  0.1378045739469911E+001 -0.7900335059560590E-002  0.9999948413035126E+000  0.1509190923812411E+001 -0.4316250577323763E-017  0.4639220399371762E+002  0.5319511559856387E+000  0.1626421216253075E-001  0.3543384889580552E+002  0.6348594273778921E+001
                      120                        3                        0                      186 -0.7685894514182634E+000  0.1832955242708024E+000 -0.1023474608355512E-002  0.1400502794925860E+001 -0.7820043916729021E-002  0.9999948413035126E+000  0.1538766625237510E+001 -0.1018484616697511E-015  0.4579679491982871E+002  0.5114514314915128E+000  0.1679862460885421E-001  0.3596925298930650E+002  0.6505346280858642E+001
                      122                        3                        0                      176 -0.7660823830694269E+000  0.1939041994907231E+000 -0.9728069554499821E-003  0.1481560307677831E+001 -0.7432908498181152E-002  0.9999948413035126E+000  0.1643499776403364E+001 -0.2410615389126038E-016  0.4370882119980001E+002  0.4385810935419893E+000  0.1879941929006907E-001  0.3782868421721962E+002  0.7114134211202757E+001
                      123                        3                        0                      171 -0.7534674524451939E+000  0.1995976620418132E+000 -0.1008047331700050E-002  0.1525062243948937E+001 -0.7702169003197861E-002  0.9999948413035126E+000  0.1803570104017316E+001  0.8245819352705582E-016  0.4526844358979728E+002  0.4572591117273254E+000  0.1991961334627886E-001  0.4118364521991088E+002  0.7936073886802943E+001
                      124                        3                        0                      168 -0.7458929112055001E+000  0.2031722850988660E+000 -0.1023347803382223E-002  0.1552374801645722E+001 -0.7819075040264589E-002  0.9999948413035126E+000  0.1897917530172170E+001  0.2139373109660736E-016  0.4597502975893622E+002  0.4631503430486895E+000  0.2063948871614740E-001  0.4312582630564232E+002  0.8445707363729753E+001
                      125                        3                        0                      163 -0.7378617743317575E+000  0.2094637821464966E+000 -0.1004796263556744E-002  0.1600446129271031E+001 -0.7677328625674687E-002  0.9999948413035126E+000  0.1993980594858216E+001  0.3134496434320052E-016  0.4544433250107603E+002  0.4360023007156954E+000  0.2193753801555755E-001  0.4492494494689564E+002  0.9063376890458988E+001
                      126                        3                        0                      158 -0.7304897422296394E+000  0.2162697295267093E+000 -0.9429150810120093E-003  0.1652448208241731E+001 -0.7204514194160372E-002  0.9999948413035126E+000  0.2039333367474143E+001  0.2226475005079089E-015  0.4359921262351460E+002  0.3801838460582005E+000  0.2338629795477800E-001  0.4553392486628341E+002  0.9503366151594483E+001
                      127                        3                        0                      153 -0.7232520822336649E+000  0.2233632669662356E+000 -0.8792655020604909E-003  0.1706647671373687E+001 -0.6718188008226027E-002  0.9999948413035126E+000  0.2072778670611866E+001 -0.8455536347134785E-016  0.4154472554038253E+002  0.3270851681182556E+000  0.2494557451491496E-001  0.4585612875044365E+002  0.9935134364218213E+001
                      128                        3                        0                      150 -0.7161442274271941E+000  0.2278162556718613E+000 -0.8445016255483236E-003  0.1740671541584442E+001 -0.6452568286132773E-002  0.9999948413035126E+000  0.2106792801382916E+001 -0.1157997499487495E-015  0.4059206640194411E+002  0.3009490443912772E+000  0.2595012317417343E-001  0.4634385730686362E+002  0.1028898253421825E+002
                      129                        3                        0                      145 -0.6890019859385226E+000  0.2357322292295461E+000 -0.8841988972863625E-003  0.1801154977479569E+001 -0.6755882511841398E-002  0.9999948413035126E+000  0.2370786956364357E+001 -0.1650105565281988E-015  0.4266216864631557E+002  0.3200445204702475E+000  0.2778484194876563E-001  0.5163765041727243E+002  0.1199664067155448E+002
                      130                        3                        0                      140 -0.6875718770298941E+000  0.2442905096552895E+000 -0.7591185269175308E-003  0.1866546075836695E+001 -0.5800183189728627E-002  0.9999948413035126E+000  0.2264213018655739E+001 -0.9349240635570190E-016  0.3794007335858758E+002  0.2357958108596765E+000  0.2983892655382056E-001  0.4878936288710884E+002  0.1191946331738474E+002
                      131                        3                        0                      137 -0.6570627431041506E+000  0.2496953440330094E+000 -0.8169560332933065E-003  0.1907842696047261E+001 -0.6242101177923166E-002  0.9999948413035126E+000  0.2557036808615243E+001  0.2542655174867494E-016  0.4101179706425817E+002  0.2683690778688771E+000  0.3117388241588146E-001  0.5473733465883834E+002  0.1382380089979342E+002
                      132                        3                        0                      132 -0.6346855053178784E+000  0.2591592295075491E+000 -0.7542717669847291E-003  0.1980153234510651E+001 -0.5763150638829049E-002  0.9999948413035126E+000  0.2639159588126284E+001 -0.2438220620946260E-015  0.3929415132522654E+002  0.2287302004479337E+000  0.3358175311947335E-001  0.5583614119752165E+002  0.1495717832397051E+002
                      133                        3                        0                      127 -0.5996712673250277E+000  0.2694536841381704E+000 -0.7364445985652766E-003  0.2058809887692876E+001 -0.5626938915731158E-002  0.9999948413035126E+000  0.2864276063017466E+001 -0.1069387189276613E-015  0.3944968582091057E+002  0.2156417783675751E+000  0.3630264394781644E-001  0.5982680878559496E+002  0.1711998941592749E+002
                      134                        3                        0                      122 -0.5586886335789039E+000  0.2808663159855362E+000 -0.7096964811877573E-003  0.2146010177297775E+001 -0.5422565059384966E-002  0.9999948413035126E+000  0.3114343218009929E+001  0.6440187562169452E-016  0.3947894141580119E+002  0.1995125291852390E+000  0.3944294372764363E-001  0.6410917656439190E+002  0.1977240241874496E+002
                      135                        3                        0                      117 -0.5249190637901280E+000  0.2927403073820525E+000 -0.6098738106143041E-003  0.2236735568459962E+001 -0.4659851786972816E-002  0.9999948413035126E+000  0.3132165689624304E+001 -0.5743794864488610E-016  0.3654943637326434E+002  0.1522884809699686E+000  0.4284844378306923E-001  0.6345713894671746E+002  0.2118683221863555E+002
                      136                        3                        0                      114 -0.4991295393395192E+000  0.3004337578162729E+000 -0.5690966799636920E-003  0.2295518775952964E+001 -0.4348286702814695E-002  0.9999948413035126E+000  0.3207771294088676E+001  0.9814648675339956E-016  0.3553922228543281E+002  0.1346395619635353E+000  0.4513022141780333E-001  0.6429235405256743E+002  0.2261454825400388E+002
                      137                        3                        0                      109 -0.4584571682387839E+000  0.3139290981155538E+000 -0.4965311889373365E-003  0.2398632378332557E+001 -0.3793836868854583E-002  0.9999948413035126E+000  0.3281307151203836E+001 -0.1341711610826418E-016  0.3329562198158104E+002  0.1053242191792359E+000  0.4927573932182273E-001  0.6445455161762528E+002  0.2486854321860014E+002
                      138                        3                        0                      106 -0.4133464205475123E+000  0.3229602641721320E+000 -0.4837672484516920E-003  0.2467636645370692E+001 -0.3696311659793818E-002  0.9999948413035126E+000  0.3565518209273563E+001 -0.8301496039334558E-016  0.3418441848501239E+002  0.1024101753236390E+000  0.5215166611706677E-001  0.6902927979640985E+002  0.2835314724272892E+002
                      139                        3                        0                      101 -0.3292081561279576E+000  0.3391237124850250E+000 -0.4765811383390425E-003  0.2591136412361196E+001 -0.3641404878313755E-002  0.9999948413035126E+000  0.4269283260600931E+001 -0.1239318317089880E-015  0.3712296970800382E+002  0.1043410719151513E+000  0.5750244618481280E-001  0.8031975343744473E+002  0.3693541022089936E+002
                      140                        3                        0                       96 -0.2983133399642999E+000  0.3568115425300457E+000 -0.3102838231609478E-003  0.2726283495263378E+001 -0.2370779991960829E-002  0.9999948413035126E+000  0.3718765713976408E+001 -0.3555009329131685E-016  0.2920967030896495E+002  0.5080404079423055E-001  0.6365723844133546E-001  0.6743577049060639E+002  0.3512225909992814E+002
                      141                        3                        0                       91 -0.2507672440102543E+000  0.3765605389785187E+000 -0.2243409501649060E-003  0.2877179295000442E+001 -0.1714117837695190E-002  0.9999948413035126E+000  0.3582199782945708E+001  0.2550777369752480E-015  0.2526308151016296E+002  0.3010541389763469E-001  0.7089891975789624E-001  0.6186938292338935E+002  0.3708744410367646E+002
                      142                        3                        0                       88 -0.1858158242945789E+000  0.3893344664417330E+000 -0.1869195254303496E-003  0.2974780811379976E+001 -0.1428192634996707E-002  0.9999948413035126E+000  0.3974172706415334E+001  0.6371228472568295E-016  0.2621846863777205E+002  0.2517957887212948E-001  0.7579066337973465E-001  0.6615630851989927E+002  0.4347373891239673E+002
                      143                        3                        0                       83 -0.8089708315412959E-001  0.4123642668235655E+000 -0.1077695090771553E-003  0.3150744190353102E+001 -0.8234325375417040E-003  0.9999948413035126E+000  0.4908833550834039E+001  0.2099838485346440E-015  0.2886840263789046E+002  0.1509459795400671E-001  0.8502214427646823E-001  0.7548454138247548E+002  0.5868219083526539E+002
                      144                        3                        0                       80 -0.5766974995819710E-001  0.4272602899938403E+000 -0.6350478412991223E-004  0.3264559964994869E+001 -0.4852198547614659E-003  0.9999948413035126E+000  0.4560830939601849E+001  0.1238399313242724E-015  0.2498420130647103E+002  0.7431337102152207E-002  0.9127567770281021E-001  0.6594668583429863E+002  0.5728633630914263E+002
                      145                        3                        0                       75  0.1289662616050795E-001  0.4556482649467398E+000  0.1454340965824461E-004  0.3481463451438342E+001  0.1111215669621662E-003  0.9999948413035126E+000  0.4769687625558984E+001 -0.5564042635151824E-015  0.2297402444870365E+002 -0.1462679012406675E-002  0.1038076706744873E+000  0.5971143733922646E+002  0.6457309689679400E+002
                      146                        3                        0                       70  0.6934756392066442E-001  0.4878549621153289E+000  0.6518874353453598E-004  0.3727544579602172E+001  0.4980864529072719E-003  0.9999948413035126E+000  0.4725472373286064E+001 -0.1340505876285661E-016  0.1985501913772428E+002 -0.5301738009480005E-002  0.1190012320302745E+000  0.4770139881820886E+002  0.6740531382565675E+002
                      147                        3                        0                       67  0.8829658707289124E-001  0.5097919828692435E+000  0.7220470540212978E-004  0.3895158377049914E+001  0.5516931857707625E-003  0.9999948413035126E+000  0.4610920817942590E+001  0.1636743562049021E-015  0.1774222801723841E+002 -0.5020593760139274E-002  0.1299439328988777E+000  0.3865270660631496E+002  0.6676566830059453E+002
                      148                        3                        0                       62  0.1299297643032539E+000  0.5494047763892304E+000  0.8923905794487134E-004  0.4197827131566796E+001  0.6818472549482291E-003  0.9999948413035126E+000  0.4689065359875745E+001  0.1067267328978626E-015  0.1553487674267325E+002 -0.5039543866084987E-002  0.1509228041596499E+000  0.2518957355504014E+002  0.6693608775533573E+002
                      149                        3                        0                       59  0.1396861717042219E+000  0.5770179325746488E+000  0.7752142371008073E-004  0.4408810474276616E+001  0.5923165391218127E-003  0.9999948413035126E+000  0.4554858854555267E+001 -0.1941923247490453E-015  0.1368051977383955E+002 -0.3667839928848643E-002  0.1664748472563606E+000  0.1579024727034036E+002  0.6255233976235970E+002
                      150                        3                        0                       54  0.1843577555531020E+000  0.6280041225900417E+000  0.1002412064362494E-003  0.4798379733554777E+001  0.7659111718041564E-003  0.9999948413035126E+000  0.5395347483093349E+001  0.1034935597381615E-015  0.1368044709378516E+002 -0.4352507863630627E-002  0.1971945889950438E+000  0.3264090532873251E+001  0.6551946664672897E+002
                      151                        3                        0                       49  0.1893024071524992E+000  0.6902303723039269E+000  0.8827851415394228E-004  0.5273830713543233E+001  0.6745080453892582E-003  0.9999948413035126E+000  0.6274948952185126E+001 -0.2605522617957655E-015  0.1317122745796688E+002 -0.3334820703113779E-002  0.2382089834254087E+000 -0.1041255413291135E+002  0.6146300794579484E+002
                      152                        3                        0                       46  0.1288913705058408E+000  0.7330790995844250E+000  0.3705711020784038E-004  0.5601224208578575E+001  0.2831415912877428E-003  0.9999948413035126E+000  0.5668976338105143E+001  0.1324456735810812E-015  0.1054883773287428E+002 -0.1020545931836606E-002  0.2687024831237554E+000 -0.1455405384037929E+002  0.4665864858557956E+002
                      153                        3                        0                       43  0.5018380385557435E-001  0.7801787918748688E+000  0.8636593302982461E-005  0.5961097975029412E+001  0.6598946214090202E-004  0.9999948413035126E+000  0.5078350979564706E+001 -0.2449292332588940E-016  0.8343177011469951E+001 -0.1285105925882023E-003  0.3043394736456662E+000 -0.1589685221525511E+002  0.3402221674104650E+002
                      154                        3                        0                       38 -0.2489410264950715E+000  0.8794495047179540E+000 -0.1556752063630226E-004  0.6719593914000737E+001 -0.1189464731773610E-003  0.9999948413035126E+000  0.3783797169343694E+001 -0.7551482318910772E-016  0.4891997339275209E+001  0.2314661538224218E-003  0.3867157156743261E+000 -0.1306891485759342E+002  0.1601491837629504E+002
                      155                        3                        0                       33 -0.6920277131360973E+000  0.1013329524875094E+001 -0.1816023640825797E-004  0.7742528560990762E+001 -0.1387565896519330E-003  0.9999948413035126E+000  0.2524078059507934E+001  0.8285580054545470E-018  0.2457790698950173E+001  0.1274153914487571E-003  0.5134183629917932E+000 -0.7994483961001899E+001  0.5617167239529580E+001
                      156                        3                        0                       30 -0.8028823493751349E+000  0.1104473925181775E+001 -0.1416514187882855E-004  0.8438933930839070E+001 -0.1082313431860530E-003  0.9999948413035126E+000  0.2257257257149225E+001 -0.3477845634010593E-017  0.1850045170924133E+001  0.7738205371104226E-004  0.6099313257032185E+000 -0.6490856084823073E+001  0.3209411977118542E+001
                      157                        3                        0                       25 -0.9591457253124590E+000  0.1328173453272211E+001 -0.9890531388830892E-005  0.1014815086649863E+002 -0.7557040417907296E-004  0.9999948413035126E+000  0.1354747454143230E+001  0.5135025886627207E-018  0.7676757420673762E+000  0.1962025546729620E-004  0.8820223609885148E+000 -0.3118161122279709E+001  0.6312166305238542E+000
                      158                        3                        0                       20 -0.9107679680899859E+000  0.1626529054232987E+001 -0.5061127923430427E-005  0.1242779110697727E+002 -0.3867046852584121E-004  0.9999948413035126E+000  0.2172805882261760E+001 -0.1848867454587629E-018  0.8207965022872151E+000  0.6069285622137616E-005  0.1322798382132029E+001 -0.4339010756294072E+001  0.4738170297184803E+000
                      159                        3                        0                       17 -0.8612385853998988E+000  0.1879396311100157E+001 -0.3545001722168493E-005  0.1435986938000971E+002 -0.2708623049943623E-004  0.9999948413035126E+000  0.2973566781076579E+001  0.7746601310529449E-018  0.8412800882054039E+000  0.1140316496141583E-005  0.1766065247088438E+001 -0.6111857805489383E+001  0.1134939760800362E+001
                      160                        3                        0                       12 -0.3705144661321305E+000  0.2627257249831936E+001 -0.1847301932842753E-005  0.2007403691943268E+002 -0.1411464644491776E-004  0.9999948413035126E+000  0.9097340336689969E+001 -0.1333124373306323E-017  0.1317338881813448E+001  0.9911704403940508E-005  0.3451240328397227E+001 -0.2872532575208677E+002  0.1461288473931645E+002
                      161                        3                        0                        9 -0.6270107577831863E-001  0.3317010882141168E+001 -0.5516613553472037E-004  0.2534422501432671E+002 -0.4215068933570337E-003  0.9999948413035126E+000  0.1647641169372998E+003 -0.1192682596734464E-014  0.1497331563857970E+002  0.6009954828350441E-003  0.5501280596121469E+001 -0.7660127197386256E+003  0.5259140946967198E+003
                      162                        3                        2                        6 -0.6579499357018165E+000  0.4932021094716253E+001 -0.5220774430176577E-002  0.3768400431632196E+002 -0.3989027670057769E-001  0.9999948413035126E+000  0.6370872064066460E+003  0.5514500039652784E-014  0.2619097706626583E+002  0.5546020830123749E-001  0.1216241603936305E+002 -0.4234356805672543E+004  0.4668923616083736E+004
