                                                                                                                                                                                                                                                                



                        1                        2                        3                        4                        5                        6                        7                        8                        9                       10                       11                       12                       13                       14                       15                       16                       17
                        j                        l                      n_p                      n_g                      eta                Re(omega)                Im(omega)                 Re(freq)                 Im(freq)                    x_ref             Re(xi_r_ref)             Im(xi_r_ref)             Re(xi_h_ref)             Im(xi_h_ref)                        H            Re(lag_L_ref)            Im(lag_L_ref)
                        1                        1                        0                       60 -0.2470117479011796E+000  0.2739786054876242E+000 -0.4238818888396558E-003  0.1012660412368037E+001 -0.1566722363535417E-002  0.9999977777300482E+000  0.5199841398999947E+001  0.1620478096715364E-016  0.6927179610500330E+002  0.2130426319995441E+000  0.3753213813247150E-001  0.2766823362122879E+002  0.1436220307208781E+002
                        2                        1                        0                       59 -0.1408680756416339E+000  0.2779968605958419E+000 -0.6423676158601405E-003  0.1027512403703804E+001 -0.2374273909493951E-002  0.9999977777300482E+000  0.9125886037070558E+001  0.5818289273134023E-017  0.1180843007721179E+003  0.5466071654968719E+000  0.3864112725057193E-001  0.4809000711855177E+002  0.2559447564234379E+002
                        3                        1                        0                       58 -0.1431945675626984E+000  0.2843683913485592E+000 -0.6746238393949981E-003  0.1051062406624575E+001 -0.2493497089596311E-002  0.9999977777300482E+000  0.9416851270029056E+001 -0.3789030968741408E-016  0.1164497531863561E+003  0.5506350859970238E+000  0.4043269099908370E-001  0.4880752732099380E+002  0.2703564401293785E+002
                        4                        1                        0                       58 -0.1369203710171515E+000  0.2877984753178852E+000 -0.7054824544982154E-003  0.1063740441249404E+001 -0.2607554527913122E-002  0.9999977777300482E+000  0.9962929947605332E+001 -0.1202967247837358E-015  0.1202830959780732E+003  0.5883784844619688E+000  0.4141398119764959E-001  0.5116040539565562E+002  0.2897810029612370E+002
                        5                        1                        0                       57 -0.1632519677441429E+000  0.2927509834866788E+000 -0.4412665732528708E-003  0.1082045552904165E+001 -0.1630978408840274E-002  0.9999977777300482E+000  0.7190368882898294E+001 -0.2155620469911267E-015  0.8389830601766553E+002  0.2527360945097920E+000  0.4285156916620873E-001  0.3638621835939488E+002  0.2128518171181932E+002
                        6                        1                        0                       55 -0.1420137089296575E+000  0.2991159714152505E+000 -0.5081521176952510E-003  0.1105571372699449E+001 -0.1878196044304664E-002  0.9999977777300482E+000  0.8478879304124666E+001  0.1721663431300885E-016  0.9476694460474606E+002  0.3230766778133602E+000  0.4473518217784454E-001  0.4209835495506479E+002  0.2573687620925519E+002
                        7                        1                        0                       55 -0.1089469629755977E+000  0.3029709567066770E+000 -0.8077288272647726E-003  0.1119819897645186E+001 -0.2985470364898411E-002  0.9999977777300482E+000  0.1254483300392837E+002 -0.2628283572633686E-015  0.1366643505181871E+003  0.7319886639143184E+000  0.4589570030387959E-001  0.6157170258906516E+002  0.3872049905784605E+002
                        8                        1                        0                       54 -0.1607218038765193E+000  0.3086795417361216E+000 -0.3327535797595524E-003  0.1140919567306131E+001 -0.1229900329978392E-002  0.9999977777300482E+000  0.6503143606243617E+001 -0.7563501019266201E-016  0.6825263837258861E+002  0.1413288387689775E+000  0.4764152974321081E-001  0.3127627064683895E+002  0.2047750975894266E+002
                        9                        1                        0                       53 -0.1724876671605470E+000  0.3149171456763996E+000 -0.2920014981690985E-003  0.1163974559381546E+001 -0.1079275358094925E-002  0.9999977777300482E+000  0.5903527513504366E+001  0.3228078915205091E-016  0.5952701478426263E+002  0.1152037250517293E+000  0.4958640432048531E-001  0.2774976974583447E+002  0.1905070546992158E+002
                       10                        1                        0                       52 -0.9238130977084913E-001  0.3203001900562382E+000 -0.4146373199578653E-003  0.1183870988636600E+001 -0.1532553239565547E-002  0.9999977777300482E+000  0.1013268254633114E+002 -0.1732718866383811E-015  0.9876754314745746E+002  0.2523070452032218E+000  0.5129610587503108E-001  0.4665713031322014E+002  0.3341388845029094E+002
                       11                        1                        0                       51 -0.8417369420624915E-001  0.3264766770380491E+000 -0.3082443376717926E-003  0.1206700084517479E+001 -0.1139310996715507E-002  0.9999977777300482E+000  0.9278617205985359E+001 -0.1380661142350923E-015  0.8705175466845758E+002  0.1662187041880582E+000  0.5329351032490326E-001  0.4160763571953692E+002  0.3131482995139784E+002
                       12                        1                        0                       50 -0.3565422105318211E+000  0.3307671932130519E+000 -0.2098715262432459E-003  0.1222558388020109E+001 -0.7757123441501519E-003  0.9999977777300482E+000  0.3141128009783040E+001  0.1479266832491559E-015  0.2871158255734440E+002  0.3330547443314952E-001  0.5470346805302025E-001  0.1381130245961923E+002  0.1076613809268037E+002
                       13                        1                        0                       49 -0.7532102264743550E-001  0.3430846872010059E+000 -0.1841810835621636E-003  0.1268085441196331E+001 -0.6807571405018972E-003  0.9999977777300482E+000  0.7823303183733968E+001  0.2693282052672395E-015  0.6646406195053078E+002  0.7284201549521958E-001  0.5885355129590593E-001  0.3228482958876960E+002  0.2800703347699392E+002
                       14                        1                        0                       48 -0.6676274534385640E-001  0.3466060502001137E+000 -0.1933179969179993E-003  0.1281100854937953E+001 -0.7145283557039889E-003  0.9999977777300482E+000  0.8600746729414469E+001 -0.1495917207777938E-015  0.7159191856839236E+002  0.8098599476095714E-001  0.6006787701766188E-001  0.3478319866947137E+002  0.3114991675176746E+002
                       15                        1                        0                       47 -0.7372631898034702E-001  0.3524794686359568E+000 -0.1280395122549313E-003  0.1302809770218638E+001 -0.4732506213348759E-003  0.9999977777300482E+000  0.6704902268855413E+001  0.1774663606117141E-015  0.5396768425196900E+002  0.3705903558760246E-001  0.6212088790494323E-001  0.2615020508252304E+002  0.2471716264932550E+002
                       16                        1                        0                       46 -0.2385122056243277E+000  0.3616781186382181E+000 -0.1419525874258340E-003  0.1336809172062224E+001 -0.5246751492274752E-003  0.9999977777300482E+000  0.3607788966309165E+001 -0.2044697843765309E-015  0.2757970902315757E+002  0.2315441033842899E-001  0.6540553075084052E-001  0.1320791987794239E+002  0.1363988407142489E+002
                       17                        1                        0                       45 -0.1630762857783918E-001  0.3708334543533275E+000 -0.4672980775274454E-004  0.1370648478690308E+001 -0.1727194220313341E-003  0.9999977777300482E+000  0.9315460813997966E+001 -0.8083094964029954E-015  0.6774093036434257E+002  0.1641001882987919E-001  0.6875872543381090E-001  0.3173852542460570E+002  0.3591599906919577E+002
                       18                        1                        0                       44 -0.1203732430406422E-003  0.3751999007136701E+000  0.1797275493627787E-005  0.1386787429992646E+001  0.6642963012665941E-005  0.9999977777300482E+000  0.1063863805741530E+002 -0.3834212732122337E-016  0.7557282367604192E+002 -0.1527012696595834E-002  0.7038748274777393E-001  0.3490612562671986E+002  0.4132413486922359E+002
                       19                        1                        0                       43 -0.5689916645272876E-001  0.3848009905328606E+000 -0.6162289852978922E-004  0.1422274301524749E+001 -0.2277662145386341E-003  0.9999977777300482E+000  0.5733536643612364E+001  0.1050465570844425E-016  0.3872152181356081E+002  0.1256522186339512E-001  0.7403590115753521E-001  0.1717717327291500E+002  0.2256161904080395E+002
                       20                        1                        0                       42 -0.4602213177152584E-001  0.3955508387533915E+000 -0.5629058114598037E-004  0.1462007132898651E+001 -0.2080572788312107E-003  0.9999977777300482E+000  0.6337128853522932E+001  0.8238605972686743E-016  0.4050116294135769E+002  0.1467101357599502E-001  0.7823023301925602E-001  0.1689296116911085E+002  0.2507733561473924E+002
                       21                        1                        0                       41  0.5047829623313545E-001  0.4014393410028133E+000  0.2936890587865917E-003  0.1483771799908021E+001  0.1085512800714815E-002  0.9999977777300482E+000  0.1445375638037155E+002 -0.7365013093639870E-016  0.8969051490499979E+002 -0.1326228355236014E+000  0.8057677225238648E-001  0.3590492026716109E+002  0.5699574021685090E+002
                       22                        1                        0                       40 -0.5105501519880185E-001  0.4108613551277304E+000 -0.4376317255510560E-004  0.1518596784479697E+001 -0.1617543540938587E-003  0.9999977777300482E+000  0.5549726690433253E+001 -0.5986216322835282E-015  0.3287620947447849E+002  0.7278362966724449E-002  0.8440352656869748E-001  0.1216693959831053E+002  0.2178224833586654E+002
                       23                        1                        0                       39  0.2582504689609978E-001  0.4259831526118393E+000  0.4489705496387889E-004  0.1574488906599048E+001  0.1659453303403492E-003  0.9999977777300482E+000  0.8347944051572917E+001 -0.4010153124679773E-015  0.4600408736065457E+002 -0.9588874038491669E-002  0.9073082315456102E-001  0.1453303366842845E+002  0.3186007554869312E+002
                       24                        1                        0                       38  0.5849229538371401E-001  0.4329291993965541E+000  0.1961364774065551E-003  0.1600162395187027E+001  0.7249458246472751E-003  0.9999977777300482E+000  0.1236853258778374E+002  0.2071413036068853E-015  0.6599173614424944E+002 -0.6026056573320568E-001  0.9371384584507086E-001  0.1912273606623061E+002  0.4627089519446373E+002
                       25                        1                        0                       37  0.7395490514525334E-002  0.4411104705898654E+000  0.1024272678695128E-004  0.1630401433178947E+001  0.3785844487158596E-004  0.9999977777300482E+000  0.7433565134981954E+001  0.4121867992155560E-015  0.3820387146224430E+002 -0.1958086035853930E-002  0.9728922363200659E-001  0.9845130053925040E+001  0.2710176940311721E+002
                       26                        1                        0                       36 -0.4635907467644320E-001  0.4571981385534107E+000 -0.3376585731866097E-004  0.1689863537692577E+001 -0.1248029820993451E-003  0.9999977777300482E+000  0.6318003063140033E+001 -0.3462666846673517E-015  0.3022508749641461E+002  0.4858405678301168E-002  0.1045150689483518E+000  0.5920754093470284E+001  0.2153111025315210E+002
                       27                        1                        0                       35  0.5652943331244546E-001  0.4665555317238541E+000  0.2292604936279397E-003  0.1724449674846630E+001  0.8473764789180081E-003  0.9999977777300482E+000  0.1629386795700619E+002  0.3614428772253455E-015  0.7485432984287817E+002 -0.7311840356927314E-001  0.1088370320910640E+000  0.1217694114575026E+002  0.5287567740241668E+002
                       28                        1                        0                       34 -0.1063536349154586E+000  0.4781468062705319E+000 -0.5113934435616525E-004  0.1767292526905894E+001 -0.1890176404532600E-003  0.9999977777300482E+000  0.5566336560776208E+001  0.5681925312550538E-015  0.2434704021204827E+002  0.5355763466804045E-002  0.1143121841733546E+000  0.2971240904320836E+001  0.1694226056271068E+002
                       29                        1                        0                       33 -0.7467192105917968E-001  0.4949269029370792E+000 -0.4528596889884744E-004  0.1829313937591149E+001 -0.1673828066172285E-003  0.9999977777300482E+000  0.7081946081522267E+001 -0.1280347454069348E-015  0.2891209748965581E+002  0.5028996349398679E-002  0.1224763196254447E+000  0.2072024662782227E+001  0.1936803699390711E+002
                       30                        1                        0                       32 -0.5731981759112911E-001  0.5016586610121717E+000 -0.3621127437409861E-004  0.1854195387353083E+001 -0.1338415602735930E-003  0.9999977777300482E+000  0.7623364481866203E+001 -0.1500583925957395E-015  0.3029156208041537E+002  0.4842475454670916E-002  0.1258307060842628E+000  0.1636261675536043E+001  0.1990414203971853E+002
                       31                        1                        0                       31 -0.7899488617160704E+000  0.5210901883741432E+000 -0.6987212883728537E-004  0.1926016829309447E+001 -0.2582564382188380E-003  0.9999977777300482E+000  0.1515680538780001E+001  0.3210412250799771E-016  0.5582618918925998E+001  0.1160571571476668E-002  0.1357674922099001E+000  0.6232273573154608E-001  0.3434399712390984E+001
                       32                        1                        0                       30 -0.6567188796855363E+000  0.5435939391801837E+000 -0.5085610204751467E-004  0.2009193607038180E+001 -0.1879707401941406E-003  0.9999977777300482E+000  0.2123327630576755E+001  0.8291311687334581E-016  0.7184336726754533E+001  0.1889868277044799E-002  0.1477471853567141E+000 -0.1678002622111846E+000  0.4027251238576823E+001
                       33                        1                        0                       29 -0.4552451168820205E+000  0.5572313552566410E+000 -0.3979385205531293E-004  0.2059599263213562E+001 -0.1470832314089799E-003  0.9999977777300482E+000  0.3103233571889541E+001 -0.1195461199243641E-015  0.9994175874702211E+001  0.1420115317434150E-002  0.1552533916405767E+000 -0.3743676375676269E+000  0.5262021434110150E+001
                       34                        1                        0                       28 -0.8917349981354307E+000  0.5708553744520257E+000 -0.5350782054025986E-004  0.2109955402781297E+001 -0.1977718352014243E-003  0.9999977777300482E+000  0.1191820808733736E+001 -0.6492624452043246E-016  0.3656646318798279E+001  0.8883453253486532E-003  0.1629379292703811E+000 -0.1718491970042001E+000  0.1799889913220523E+001
                       35                        1                        0                       27 -0.9721344964872274E+000  0.5997315966600753E+000 -0.5134136825432128E-004  0.2216685660192420E+001 -0.1897643469475528E-003  0.9999977777300482E+000  0.5287212696448818E+000  0.5019804812187565E-017  0.1470879507160431E+001  0.4731823498075697E-004  0.1798389940162212E+000 -0.8109637434782488E-001  0.6206005575568114E+000
                       36                        1                        0                       26 -0.8818227299763676E+000  0.6313016799009009E+000 -0.3685118589462085E-004  0.2333372776897202E+001 -0.1362067561365977E-003  0.9999977777300482E+000  0.1199973823433094E+001  0.1943646883723047E-016  0.3010392507514390E+001  0.4413081265459503E-003  0.1992709055228505E+000 -0.1441772909286189E+000  0.1050000212701560E+001
                       37                        1                        0                       25 -0.7766055918169635E+000  0.6443373964124161E+000 -0.2795826140921779E-004  0.2381554473546724E+001 -0.1033373554017550E-003  0.9999977777300482E+000  0.1585443769842558E+001  0.1062271516972353E-016  0.3818818768376107E+001  0.3281993228720657E-003  0.2075853402077661E+000 -0.1592682534333263E+000  0.1224250452699510E+001
                       38                        1                        0                       24 -0.9608236988313692E+000  0.6690750418652138E+000 -0.3968452417986214E-004  0.2472988015230240E+001 -0.1466791414208573E-003  0.9999977777300482E+000  0.5054047720836031E+000 -0.4835346019736933E-017  0.1128696225499683E+001  0.1669757107349747E-003  0.2238307058234689E+000 -0.2834168892757992E-001  0.3041541810326532E+000
                       39                        1                        0                       23 -0.9624173432498150E+000  0.7078716853767087E+000 -0.3638036675553432E-004  0.2616385434699991E+001 -0.1344665476167040E-003  0.9999977777300482E+000  0.3623055932048012E+000 -0.4412042825338689E-018  0.7237455616874096E+000  0.2913602966763426E-004  0.2505411614790305E+000  0.5994508256126066E-002  0.1428184912269568E+000
                       40                        1                        0                       22 -0.8770975207211944E+000  0.7472017500805797E+000 -0.2497661696738986E-004  0.2761754447986988E+001 -0.9231681135371720E-004  0.9999977777300482E+000  0.9505031013454148E+000  0.1820132257390592E-017  0.1702056974699997E+001  0.1260549557303343E-003  0.2791552276617398E+000  0.8988288249700543E-001  0.2230151301773733E+000
                       41                        1                        0                       21 -0.7920126035857161E+000  0.7652493717042633E+000 -0.1911475709819319E-004  0.2828460795087245E+001 -0.7065061803245629E-004  0.9999977777300482E+000  0.1228496901967976E+001  0.1596525322183212E-017  0.2097575162048319E+001  0.1088476037992127E-003  0.2928033004468854E+000  0.1560859492082411E+000  0.2170429948990119E+000
                       42                        1                        0                       20 -0.9218090071671563E+000  0.7988690040782300E+000 -0.2814926450816505E-004  0.2952723310851531E+001 -0.1040433275947270E-003  0.9999977777300482E+000  0.4168147097449244E+000 -0.3612981793516446E-018  0.6527310063367293E+000  0.4382721607592669E-004  0.3190958428384718E+000  0.7704280729238676E-001  0.3632711058337965E-001
                       43                        1                        0                       19 -0.9203651182832854E+000  0.8517306325605435E+000 -0.2509684335462905E-004  0.3148106736510158E+001 -0.9276118365301581E-004  0.9999977777300482E+000  0.3247357419573678E+000 -0.2088182956714991E-017  0.4475807741577209E+000  0.2442058303235028E-004  0.3627225352209918E+000  0.8472309195532078E-001 -0.4188976786610411E-002
                       44                        1                        0                       18 -0.8667465408978023E+000  0.9075199548429838E+000 -0.1969425892146332E-004  0.3354311297657255E+001 -0.7279253182998186E-004  0.9999977777300482E+000  0.7654890842221415E+000 -0.4032261823894660E-017  0.9297197534036464E+000  0.5429523966529178E-004  0.4117962342191079E+000  0.2488205506007802E+000 -0.6156681105828736E-001
                       45                        1                        0                       17 -0.6749627418680707E+000  0.9349711108813059E+000 -0.1026970246454873E-004  0.3455774325926455E+001 -0.3795815046995237E-004  0.9999977777300482E+000  0.1433618930623547E+001 -0.1525971264022048E-016  0.1639703039875943E+001  0.1895867793166461E-004  0.4370854890913126E+000  0.5047800374789528E+000 -0.1479492786360195E+000
                       46                        1                        0                       16 -0.8993650495092098E+000  0.9862878375535906E+000 -0.1889913866323293E-004  0.3645447594395153E+001 -0.6985366436933213E-004  0.9999977777300482E+000  0.4799399141896359E+000  0.1720238088197453E-017  0.4935689007798074E+000  0.3245795190875737E-004  0.4863818492530697E+000  0.1874016828515756E+000 -0.6263682607840082E-001
                       47                        1                        0                       15 -0.9202471107001966E+000  0.1064107708794808E+001 -0.1547139811745709E-004  0.3933079917953052E+001 -0.5718429134147069E-004  0.9999977777300482E+000  0.4605108081473810E+000 -0.7885472038533019E-017  0.4065263852440269E+000 -0.2711480757963013E-005  0.5661626079582671E+000  0.1983966766293515E+000 -0.6676261033469777E-001
                       48                        1                        0                       14 -0.8444432487295811E+000  0.1153468468110198E+001 -0.1131371832310704E-004  0.4263368858641641E+001 -0.4181696830707791E-004  0.9999977777300482E+000  0.1144425180793856E+001 -0.1447494176707704E-016  0.8600814750885263E+000  0.9618076617479442E-005  0.6652447534622447E+000  0.5133065941444622E+000 -0.1518204963056059E+000
                       49                        1                        0                       13 -0.5770514293142676E+000  0.1201131719144203E+001 -0.5851600582914572E-005  0.4439538407942732E+001 -0.2162827367035044E-004  0.9999977777300482E+000  0.2003591426236109E+001 -0.1720223107937940E-016  0.1388483840316033E+001 -0.1417506728463195E-004  0.7213587033671556E+000  0.8991281730014251E+000 -0.2348172134020857E+000
                       50                        1                        0                       12 -0.9148263831097864E+000  0.1294046286757421E+001 -0.1077030861036603E-004  0.4782962684399419E+001 -0.3980845562482044E-004  0.9999977777300482E+000  0.7345686656994933E+000 -0.8485519962041082E-018  0.4386706506925023E+000  0.7587193305975342E-005  0.8372778961353338E+000  0.3174185659152087E+000 -0.5424545103120432E-001
                       51                        1                        0                       11 -0.9093694931222308E+000  0.1443121256370736E+001 -0.8506676381092329E-005  0.5333963080702960E+001 -0.3144177771336059E-004  0.9999977777300482E+000  0.8776860233472377E+000  0.1490592365453608E-016  0.4214223483972221E+000  0.3159081430434836E-005  0.1041299480294521E+001  0.3242190905151328E+000  0.1908424564712386E-001
                       52                        1                        0                       10 -0.2890107082815190E+000  0.1593186196979549E+001 -0.2419029724199301E-005  0.5888622538029709E+001 -0.8941047180229023E-005  0.9999977777300482E+000  0.3517287169982535E+001 -0.1926313158010306E-016  0.1385663614969734E+001 -0.1769140653681795E-005  0.1269121129123076E+001  0.9559830089283664E+000  0.4933932423374873E+000
                       53                        1                        0                        9 -0.5606181775548957E+000  0.1677706265851870E+001 -0.4452983912573621E-005  0.6201019659860764E+001 -0.1645880530397373E-004  0.9999977777300482E+000  0.2749041474386087E+001 -0.1302411854496268E-016  0.9766025153620262E+000 -0.1858326288835874E-005  0.1407349157239317E+001  0.5650202978143861E+000  0.5892036779440331E+000
                       54                        1                        0                        8 -0.7798773398690469E+000  0.1919366664313216E+001 -0.4592895457737044E-005  0.7094227793113871E+001 -0.1697593649663776E-004  0.9999977777300482E+000  0.1792696136209614E+001  0.1521004652724548E-016  0.4865647040595075E+000 -0.2242977829075151E-005  0.1841984196038424E+001 -0.2508300647610049E-001  0.8034649335596216E+000
                       55                        1                        0                        7 -0.2052326639724621E+000  0.2248738513582127E+001 -0.1774068756713631E-005  0.8311628809187528E+001 -0.6557187907228860E-005  0.9999977777300482E+000  0.5572126754481760E+001  0.2429970513870093E-016  0.1101876273313608E+001  0.4075282370331214E-007  0.2528412451233777E+001 -0.1918320371410769E+001  0.4493949774951708E+001
                       56                        1                        0                        6  0.2134482011099924E+000  0.2505568601322647E+001  0.1771859583079383E-004  0.9260906078837630E+001  0.6549022515338245E-004  0.9999977777300482E+000  0.2553214674144515E+002 -0.7424035748067188E-016  0.4066947440668814E+001 -0.5963563792219844E-004  0.3138937007966953E+001 -0.1509032316684055E+002  0.2826222420669794E+002
                       57                        1                        0                        5  0.8077479232808792E-001  0.2859401854243235E+001  0.1155659538415758E-004  0.1056871961111825E+002  0.4271467338284626E-004  0.9999977777300482E+000  0.4071784071869579E+002  0.1231763301261508E-015  0.4980088722191869E+001 -0.4020193444293402E-004  0.4088089482024817E+001 -0.3525166373786276E+002  0.6234631656514224E+002
                       58                        1                        0                        4 -0.3832007172191008E-001  0.3109665659413954E+001 -0.4437911533834461E-002  0.1149372704990683E+002 -0.1640309583993657E-001  0.9999977777300482E+000  0.1343012265556306E+004 -0.1531350399897575E-014  0.1388841912634697E+003  0.3964141273539876E+000  0.4835010256669203E+001 -0.1319632229414831E+004  0.2448483832858880E+004
                       59                        1                        1                        4 -0.4554351995822364E+000  0.3701227139631963E+001 -0.1659292742021263E-003  0.1368021490151272E+002 -0.6132960890811027E-003  0.9999977777300482E+000  0.1064314840515182E+003  0.7014839635658534E-015  0.7769318464298859E+001  0.6922239317791875E-003  0.6849541169574111E+001 -0.1015970894898127E+003  0.2528414958469596E+003
                       60                        1                        1                        3 -0.7728375356945084E+000  0.4199089617585455E+001 -0.3560817534043835E-001  0.1552037910458853E+002 -0.1316124281300879E+000  0.9999977777300482E+000  0.1634184577886713E+004  0.4355548852341289E-013  0.9266165603626887E+002  0.1571647974948954E+001  0.8816176808256992E+001 -0.9141830785052078E+003  0.4123545765993335E+004
                       61                        1                        3                        2 -0.7697440748145958E+000  0.5790846659568275E+001 -0.3672219544601256E-001  0.2140371930064213E+002 -0.1357299907313328E+000  0.9999977777300482E+000  0.4507537959886836E+004  0.1215070706200999E-012  0.1344020136276055E+003  0.1704667458304445E+001  0.1676695251731651E+002  0.6069019663282518E+004  0.2945570219829231E+004
                       62                        1                        6                        2 -0.6307105891533036E+000  0.8139486558847427E+001 -0.1362043626273857E+000  0.3008459657087658E+002 -0.5034289658460370E+000  0.9999977777300482E+000  0.7621874405963240E+004 -0.2422300746987970E-012  0.1149491739557631E+003  0.3848145188830606E+001  0.3312562072082891E+002 -0.2421511069343082E+004 -0.1545817035422483E+005
                       63                        2                        0                      106 -0.9397080450733787E+000  0.2736589986092990E+000 -0.8401604182174373E-003  0.1011479103949358E+001 -0.3105341725691072E-002  0.9999977777300482E+000  0.5291922008966746E+000 -0.1956535948081699E-016  0.7066176514050531E+001  0.4339493161879560E-001  0.3744462375992207E-001  0.3582193592492959E+001  0.1914159342811454E+001
                       64                        2                        0                      105 -0.9216348784539539E+000  0.2771932090136471E+000 -0.8519848240142183E-003  0.1024542003364780E+001 -0.3149046261046538E-002  0.9999977777300482E+000  0.6276220413853904E+000  0.3998194983025009E-017  0.8168146692548889E+001  0.5021966356706756E-001  0.3841803756164169E-001  0.4243751919434961E+001  0.2270664356519238E+001
                       65                        2                        0                      103 -0.8977748918965407E+000  0.2811457781797596E+000 -0.8718641759061570E-003  0.1039151210950697E+001 -0.3222522920469162E-002  0.9999977777300482E+000  0.7523072852340237E+000  0.1054867014295793E-016  0.9517490664126454E+001  0.5903890782777779E-001  0.3952147429415129E-001  0.5079507448178351E+001  0.2723905359173691E+001
                       66                        2                        0                      102 -0.8967840307317404E+000  0.2850589632760790E+000 -0.8198438977908136E-003  0.1053614849913522E+001 -0.3030249234740942E-002  0.9999977777300482E+000  0.7499564356749382E+000 -0.6617795551474677E-017  0.9229087160570227E+001  0.5309523464242976E-001  0.4062930627201650E-001  0.5055405751393439E+001  0.2718823432283017E+001
                       67                        2                        0                      101 -0.8772779739092764E+000  0.2885884462904840E+000 -0.8165069215652792E-003  0.1066660276283410E+001 -0.3017915338396745E-002  0.9999977777300482E+000  0.8416901465076527E+000  0.2956327790928583E-016  0.1010617557981046E+002  0.5719604211395528E-001  0.4164164566617791E-001  0.5664657278972742E+001  0.3056282357659740E+001
                       68                        2                        0                       99 -0.9241037132085599E+000  0.2938007858554447E+000 -0.8270599791137186E-003  0.1085925758432503E+001 -0.3056920805957711E-002  0.9999977777300482E+000  0.6672551037193720E+000 -0.4211229801278293E-016  0.7729984147244136E+001  0.4352669718329273E-001  0.4315945088463852E-001  0.4479014477791406E+001  0.2430383936777440E+001
                       69                        2                        0                       98 -0.7453376054090252E+000  0.2981835934088062E+000 -0.8835268575796571E-003  0.1102125182823388E+001 -0.3265629702518016E-002  0.9999977777300482E+000  0.1434603202537788E+001 -0.7606123171810027E-016  0.1613451093990770E+002  0.9562640108102552E-001  0.4445672768909416E-001  0.9607175913962537E+001  0.5242421651280631E+001
                       70                        2                        0                       96 -0.7378400803326217E+000  0.3021410468734427E+000 -0.8619011196115395E-003  0.1116752443409277E+001 -0.3185698173960958E-002  0.9999977777300482E+000  0.1472470047054674E+001  0.1092525455286321E-016  0.1612944219912553E+002  0.9203465357846412E-001  0.4564460610289000E-001  0.9838063503391306E+001  0.5398734768950892E+001
                       71                        2                        0                       95 -0.8384068477597589E+000  0.3062651908085888E+000 -0.7671985635992492E-003  0.1131995813564393E+001 -0.2835665260795974E-002  0.9999977777300482E+000  0.1044196563978445E+001  0.2848612199426875E-016  0.1113221923278831E+002  0.5578000848562715E-001  0.4689918355051074E-001  0.6958681176282969E+001  0.3843144367796020E+001
                       72                        2                        0                       94 -0.7217887799719721E+000  0.3121138654242187E+000 -0.8220038636054054E-003  0.1153613272480680E+001 -0.3038232748156570E-002  0.9999977777300482E+000  0.1564974552477403E+001 -0.4824656888881625E-017  0.1606479028640781E+002  0.8462812277136626E-001  0.4870753249502379E-001  0.1039006412733851E+002  0.5796562148147524E+001
                       73                        2                        0                       92 -0.7913782965096076E+000  0.3162693292104926E+000 -0.7107052217946887E-003  0.1168972404862199E+001 -0.2626858552308515E-002  0.9999977777300482E+000  0.1225369552385537E+001  0.5490307122110106E-016  0.1225037227704148E+002  0.5506346370317690E-001  0.5001314429962762E-001  0.8111737303873257E+001  0.4560620473002234E+001
                       74                        2                        0                       94 -0.5072578459245668E+000  0.3114310128016300E+000 -0.3924548488758691E-002  0.1151089360742584E+001 -0.1450563953309942E-001  0.9999977777300482E+000  0.5446395277374301E+001  0.8429894246928446E-016  0.5612824595438608E+002  0.1414875220169737E+001  0.4849463786732455E-001  0.3624748645674040E+002  0.2022954383453264E+002
                       75                        2                        0                       91 -0.6046419840508352E+000  0.3218839925795017E+000 -0.8144588085637005E-003  0.1189724927901175E+001 -0.3010345247465507E-002  0.9999977777300482E+000  0.2107198650796390E+001  0.1094794542662675E-017  0.2033767463935299E+002  0.1029302615752338E+000  0.5180465233946009E-001  0.1389464032548513E+002  0.7901211174291027E+001
                       76                        2                        0                       88 -0.6452192233634879E+000  0.3321155527847808E+000 -0.6406207686237218E-003  0.1227542099640573E+001 -0.2367817335851541E-002  0.9999977777300482E+000  0.1781659958681930E+001 -0.5105600073661414E-016  0.1615267368128729E+002  0.6232056644999743E-001  0.5515037020077040E-001  0.1165555603710787E+002  0.6780134658206621E+001
                       77                        2                        0                       87 -0.6568933726857320E+000  0.3361837017168897E+000 -0.6811462827404862E-003  0.1242578505011832E+001 -0.2517604885006590E-002  0.9999977777300482E+000  0.1816420632424909E+001 -0.1281969259804883E-016  0.1607165583416216E+002  0.6513213643386763E-001  0.5650974065003524E-001  0.1184491825837721E+002  0.6958239497888188E+001
                       78                        2                        0                       85 -0.6006565389138079E+000  0.3435366438281821E+000 -0.6705619944969330E-003  0.1269755931429078E+001 -0.2478483984751395E-002  0.9999977777300482E+000  0.2082674789705703E+001  0.3918704420307527E-016  0.1764709321020441E+002  0.6889806993976623E-001  0.5900871282636577E-001  0.1349870981305336E+002  0.8079534390804790E+001
                       79                        2                        0                       84 -0.6127841645246549E+000  0.3476069103053116E+000 -0.5833498338938581E-003  0.1284800163521003E+001 -0.2156136543196122E-002  0.9999977777300482E+000  0.1918801794387358E+001 -0.9404846150907448E-016  0.1588007124150396E+002  0.5330464728198597E-001  0.6041528204600250E-001  0.1239210346658342E+002  0.7498314130198821E+001
                       80                        2                        0                       83 -0.4421319217907508E+000  0.3548185764325956E+000 -0.8483168359241236E-003  0.1311455415602888E+001 -0.3135488901977331E-002  0.9999977777300482E+000  0.3335755903823012E+001  0.1416382496722928E-016  0.2649579020272160E+002  0.1267031951524511E+000  0.6294811109082678E-001  0.2141280135758749E+002  0.1322261488925024E+002
                       81                        2                        0                       83 -0.3016119156977126E+000  0.3555591641947386E+000 -0.2484476741260436E-002  0.1314192723894795E+001 -0.9182947832170186E-002  0.9999977777300482E+000  0.7764914366145842E+001  0.1718910638249851E-016  0.6141183243786779E+002  0.8582936321447222E+000  0.6321115962143051E-001  0.4991209687278555E+002  0.3089778799432904E+002
                       82                        2                        0                       81 -0.3253587404069926E+000  0.3615171530180438E+000 -0.9412809591221688E-003  0.1336214222281336E+001 -0.3479096342294118E-002  0.9999977777300482E+000  0.4582270260750565E+001  0.4435328266029296E-015  0.3506039264357639E+002  0.1825841360180353E+000  0.6534732596313608E-001  0.2923720634963572E+002  0.1841647559879262E+002
                       83                        2                        0                       80 -0.4753905213816615E+000  0.3647723481602425E+000 -0.6507773743757830E-003  0.1348245845149006E+001 -0.2405357466223533E-002  0.9999977777300482E+000  0.2809560373970966E+001 -0.1140841197891344E-015  0.2111509861178682E+002  0.7534731094831118E-001  0.6652943299116859E-001  0.1786412096147560E+002  0.1136526548126896E+002
                       84                        2                        0                       79 -0.2793719329272892E+000  0.3733076905024767E+000 -0.1290803275404800E-002  0.1379793575967644E+001 -0.4770976094396105E-002  0.9999977777300482E+000  0.6169892630429553E+001 -0.2849453333256491E-015  0.4427217201934209E+002  0.3061794566740877E+000  0.6967931589414689E-001  0.3893817985538453E+002  0.2546112597546953E+002
                       85                        2                        0                       79 -0.2545992868909391E+000  0.3731936323746081E+000 -0.2130954102485662E-002  0.1379372002353910E+001 -0.7876282370004126E-002  0.9999977777300482E+000  0.8457388980308369E+001  0.1210934052888891E-015  0.6071948080392213E+002  0.6934618665454806E+000  0.6963674362247697E-001  0.5344790367252327E+002  0.3493657138515282E+002
                       86                        2                        0                       76 -0.2336839321398928E+000  0.3872029820491577E+000 -0.1306114230728686E-002  0.1431152373281735E+001 -0.4827567368391532E-002  0.9999977777300482E+000  0.7210650002036558E+001  0.3121991145816038E-015  0.4809332833242368E+002  0.3244739408597399E+000  0.7496307465388040E-001  0.4484431216831970E+002  0.3076498523187772E+002
                       87                        2                        0                       73 -0.2303612439766793E+000  0.4001989771922562E+000 -0.8278236436863415E-003  0.1479187254608765E+001 -0.3059743409130126E-002  0.9999977777300482E+000  0.5930053198432707E+001  0.1724916118497659E-015  0.3702573406832145E+002  0.1531903697351782E+000  0.8007961067286432E-001  0.3628842318648845E+002  0.2614769151822056E+002
                       88                        2                        0                       72 -0.2771544433707026E+000  0.4076786666068457E+000 -0.6628902513872189E-003  0.1506833155475667E+001 -0.2450128228551973E-002  0.9999977777300482E+000  0.4748501315745800E+001  0.1944866592203906E-015  0.2857062632475948E+002  0.9292363486398354E-001  0.8310094760316761E-001  0.2876857132197570E+002  0.2136360754035022E+002
                       89                        2                        0                       71 -0.1854668305543806E+000  0.4119895397153977E+000 -0.1160030513098582E-002  0.1522766700841383E+001 -0.4287623026853378E-002  0.9999977777300482E+000  0.8193996797571531E+001  0.7468595491835483E-016  0.4827426879666351E+002  0.2718726624145922E+000  0.8486769041745247E-001  0.4940282401117381E+002  0.3734766208370498E+002
                       90                        2                        0                       70 -0.4091828621034517E+000  0.4185308785632229E+000 -0.4717368234085808E-003  0.1546944336475699E+001 -0.1743600400008969E-002  0.9999977777300482E+000  0.3027735762114602E+001  0.2865756753160155E-016  0.1728478327839663E+002  0.3897319427707387E-001  0.8758404815545151E-001  0.1805518194702321E+002  0.1404352899464856E+002
                       91                        2                        0                       69 -0.1931039454403719E+000  0.4254863924031281E+000 -0.6556495138921467E-003  0.1572652816525861E+001 -0.2423365524929337E-002  0.9999977777300482E+000  0.6107902756234074E+001  0.6079284301674253E-016  0.3373807683450642E+002  0.1039979270078832E+000  0.9051933506011442E-001  0.3604438005298222E+002  0.2892642410473676E+002
                       92                        2                        0                       68 -0.2089295456476221E+000  0.4310691375173018E+000 -0.6035466424978953E-003  0.1593287365560823E+001 -0.2230786563744556E-002  0.9999977777300482E+000  0.5612192177268400E+001 -0.2568415792676715E-015  0.3020221471596842E+002  0.8459515736359717E-001  0.9291030065995506E-001  0.3280574479820500E+002  0.2702547037697708E+002
                       93                        2                        0                       67 -0.1702578011355249E+000  0.4386980053564701E+000 -0.6381637545692761E-003  0.1621484649206981E+001 -0.2358735893666883E-002  0.9999977777300482E+000  0.6589669000461688E+001  0.1024680769594277E-015  0.3423987938660550E+002  0.9964651796073681E-001  0.9622796995187274E-001  0.3799152259855695E+002  0.3248470112972415E+002
                       94                        2                        0                       66 -0.2824964834166549E+000  0.4441150462448694E+000 -0.4451938496840085E-003  0.1641506733960999E+001 -0.1645494131201737E-002  0.9999977777300482E+000  0.3996630018358854E+001 -0.3915768374337406E-016  0.2026303003162028E+002  0.4064546328460020E-001  0.9861908715054117E-001  0.2278426635239166E+002  0.2002747445723806E+002
                       95                        2                        0                       65 -0.1594887225136945E+000  0.4522891645444111E+000 -0.5058061837792237E-003  0.1671719333931083E+001 -0.1869525168699015E-002  0.9999977777300482E+000  0.6162649508656058E+001  0.2791337274249558E-015  0.3012563678003643E+002  0.6741883601483067E-001  0.1022827441821405E+000  0.3452148211095562E+002  0.3168955263817263E+002
                       96                        2                        0                       64 -0.1682906017213062E+000  0.4603998035360031E+000 -0.5140112807562533E-003  0.1701697306156965E+001 -0.1899852269873540E-002  0.9999977777300482E+000  0.6047364680800354E+001 -0.7882968755404794E-016  0.2852969144968852E+002  0.6374747748955824E-001  0.1059839895479952E+000  0.3321751190673750E+002  0.3190703820312038E+002
                       97                        2                        0                       63 -0.1385722288967375E+000  0.4655499656546659E+000 -0.5255271034201975E-003  0.1720732972411142E+001 -0.1942416242001480E-002  0.9999977777300482E+000  0.6874421707138551E+001  0.9979564428654023E-016  0.3171792217770838E+002  0.7166233976038447E-001  0.1083683852605300E+000  0.3724833008222465E+002  0.3687000786931024E+002
                       98                        2                        0                       62 -0.1984801822808566E+000  0.4756629411121622E+000 -0.3828667808554709E-003  0.1758111839563303E+001 -0.1415125212032796E-002  0.9999977777300482E+000  0.4757231313542683E+001 -0.7756703061245996E-016  0.2102604698433035E+002  0.3389089430437155E-001  0.1131276167737359E+000  0.2500209438760514E+002  0.2633241950735198E+002
                       99                        2                        0                       61 -0.1104184311238257E+000  0.4814587732975895E+000 -0.4765733513590009E-003  0.1779533986013259E+001 -0.1761476833754534E-002  0.9999977777300482E+000  0.7507935954032331E+001 -0.1980107761198722E-015  0.3238947565816686E+002  0.6419298170696427E-001  0.1159012751926098E+000  0.3871501538145457E+002  0.4232963969249168E+002
                      100                        2                        0                       60 -0.8869845030884879E-001  0.4920666833037721E+000 -0.5037499753093363E-003  0.1818742195362690E+001 -0.1861925155868360E-002  0.9999977777300482E+000  0.8755709128836651E+001 -0.1730177282782216E-015  0.3616136985646266E+002  0.7413008070019177E-001  0.1210648104087875E+000  0.4338238590687753E+002  0.5099557308255436E+002
                      101                        2                        0                       59 -0.1145944712443332E+000  0.4985404222467048E+000 -0.3633308904190579E-003  0.1842669972992791E+001 -0.1342918030635895E-002  0.9999977777300482E+000  0.6472578830289624E+001  0.6123336207896383E-017  0.2604226295422890E+002  0.3802723395337842E-001  0.1242712763069615E+000  0.3117707937533843E+002  0.3840627073926782E+002
                      102                        2                        0                       58 -0.1261543080826698E+000  0.5075506474674337E+000 -0.2843025883355900E-003  0.1875972932438522E+001 -0.1050819190165648E-002  0.9999977777300482E+000  0.5448426172189668E+001 -0.2827236271563421E-017  0.2115020926493460E+002  0.2375309032331177E-001  0.1288038298723053E+000  0.2512216912764953E+002  0.3315258740100547E+002
                      103                        2                        0                       56 -0.1420365784094786E+000  0.5351316846576442E+000 -0.1906074294555197E-003  0.1977916018267676E+001 -0.7045097472822814E-003  0.9999977777300482E+000  0.4247885468873651E+001 -0.9541348901520422E-017  0.1483385028664153E+002  0.1060307780334806E-001  0.1431829599622642E+000  0.1642120111425120E+002  0.2759889880271943E+002
                      104                        2                        0                       53 -0.8898978134691056E-001  0.5457588355759377E+000 -0.1695540397689569E-003  0.2017195344520406E+001 -0.6266936921060216E-003  0.9999977777300482E+000  0.5271600861336248E+001 -0.8058363516824054E-016  0.1769878139781560E+002  0.1103043670592494E-001  0.1489263533046026E+000  0.1863038663295387E+002  0.3490371042732738E+002
                      105                        2                        0                       52 -0.2664587281716278E-001  0.5533190125252019E+000 -0.9868085547738988E-004  0.2045138737740440E+001 -0.3647372232686182E-003  0.9999977777300482E+000  0.7677759924377854E+001 -0.6747521837707323E-016  0.2507758967240539E+002  0.8979051326951419E-002  0.1530809648109321E+000  0.2521946951340330E+002  0.5137175628223602E+002
                      106                        2                        0                       51 -0.3184213387655970E-001  0.5645306457613555E+000 -0.6741705123851089E-004  0.2086578386343788E+001 -0.2491821534251561E-003  0.9999977777300482E+000  0.5884644935969787E+001 -0.1704174012143809E-015  0.1846493084018487E+002  0.4418113816266796E-002  0.1593474250018669E+000  0.1706282223055284E+002  0.3982705883508740E+002
                      107                        2                        0                       50 -0.4670740966955685E+000  0.5736695329604418E+000 -0.1896884662084810E-003  0.2120356897126192E+001 -0.7011131400945013E-003  0.9999977777300482E+000  0.1928544878140159E+001 -0.3250827909284205E-016  0.5860147634398197E+001  0.3872557951748322E-002  0.1645483665235250E+000  0.4966730215537645E+001  0.1312892121066240E+002
                      108                        2                        0                       49  0.2253581531272536E-001  0.5926250018133751E+000  0.8567040983532315E-004  0.2190418765172702E+001  0.3166489310257323E-003  0.9999977777300482E+000  0.8471804873292871E+001 -0.7734927607434457E-017  0.2412230249602570E+002 -0.7037076415000148E-002  0.1756021963871518E+000  0.1600858474178110E+002  0.5746616598357382E+002
                      109                        2                        0                       48 -0.5312685731102922E-001  0.5994773512021004E+000 -0.8011669199057169E-004  0.2215745936049152E+001 -0.2961216705382495E-003  0.9999977777300482E+000  0.5263694490020518E+001  0.1088568437704065E-015  0.1464697753871012E+002  0.3864676375014178E-002  0.1796865473021432E+000  0.8643985653859602E+001  0.3555164018355634E+002
                      110                        2                        0                       47 -0.4784568641674318E-001  0.6102065577840916E+000 -0.5293377983887826E-004  0.2255402473253448E+001 -0.1956501064177387E-003  0.9999977777300482E+000  0.4651756725661648E+001 -0.1807496490229290E-015  0.1249299199425452E+002  0.2108994074053503E-002  0.1861760215813547E+000  0.5877949593537661E+001  0.3101414148942108E+002
                      111                        2                        0                       46 -0.1345719204218618E+000  0.6268789187088070E+000 -0.9875183216221883E-004  0.2317025678682653E+001 -0.3649995622888474E-003  0.9999977777300482E+000  0.3783896937172759E+001 -0.1077836516794578E-015  0.9628878931284790E+001  0.2971927131177857E-002  0.1964885893607614E+000  0.2669010512936007E+001  0.2446490885947601E+002
                      112                        2                        0                       43 -0.1573130422551268E-001  0.6664177728310715E+000 -0.1571954502728411E-004  0.2463166404703031E+001 -0.5810147446088269E-004  0.9999977777300482E+000  0.5520313534993684E+001 -0.2871290948873982E-015  0.1243013034847713E+002  0.4884391054433569E-003  0.2220563239725628E+000 -0.2094350119382243E+001  0.3162703908758910E+002
                      113                        2                        0                       40 -0.8342660002378399E-001  0.7117329819192098E+000 -0.4998117259109376E-004  0.2630657286847151E+001 -0.1847368875998651E-003  0.9999977777300482E+000  0.4989863961528016E+001  0.6753836552421734E-015  0.9850520907356923E+001  0.1342534402821706E-002  0.2532819187758046E+000 -0.5735162168162781E+001  0.2349111525809562E+002
                      114                        2                        0                       39  0.7211630865395005E-001  0.7358843680600907E+000  0.1886928676104539E-003  0.2719923938179854E+001  0.6974332787234397E-003  0.9999977777300482E+000  0.1265923540804428E+002  0.5752553248817413E-015  0.2337712926447824E+002 -0.1199514502279880E-001  0.2707629015775994E+000 -0.1740149576715020E+002  0.5286121120436481E+002
                      115                        2                        0                       38  0.5690110685209343E-001  0.7468107739968685E+000  0.1241391003948440E-003  0.2760309349741261E+001  0.4588341939075906E-003  0.9999977777300482E+000  0.1212360217037558E+002  0.8467944820704450E-015  0.2173763252319899E+002 -0.7187428300489229E-002  0.2788631660789007E+000 -0.1755826764954922E+002  0.4787583050353818E+002
                      116                        2                        0                       37 -0.3659660265360993E-001  0.7636076698957180E+000 -0.2653217239311169E-004  0.2822392852564989E+001 -0.9806634568713422E-004  0.9999977777300482E+000  0.7318740744323685E+001 -0.8464485437094760E-016  0.1255148714630291E+002  0.9387572935451998E-003  0.2915483367617848E+000 -0.1120171330084391E+002  0.2648427223641607E+002
                      117                        2                        0                       32 -0.2607113229878012E+000  0.8651485688768225E+000 -0.6784385231712417E-004  0.3197701167064280E+001 -0.2507596654921966E-003  0.9999977777300482E+000  0.6633539466505256E+001 -0.2531965906814607E-015  0.8862093212100390E+001  0.1616267647510788E-002  0.3742410231148069E+000 -0.1019280771899633E+002  0.1404270661308962E+002
                      118                        2                        0                       31 -0.8503488445279804E+000  0.9025734299307232E+000 -0.7047462140645378E-004  0.3336028300893609E+001 -0.2604833287910301E-003  0.9999977777300482E+000  0.2051037218885154E+001  0.2169492511808085E-017  0.2517481701093470E+001  0.4706077184001884E-003  0.4073193982084565E+000 -0.2970589077765186E+001  0.3582930309548656E+001
                      119                        2                        0                       30 -0.5573810800297121E+000  0.9384991501328134E+000 -0.4800177910937720E-004  0.3468814415961673E+001 -0.1774207929147849E-003  0.9999977777300482E+000  0.4346051324054810E+001  0.1519403347350280E-016  0.4933662021986705E+001  0.6732371988869796E-003  0.4403903274000073E+000 -0.5876544757337387E+001  0.6343148004876696E+001
                      120                        2                        0                       29 -0.5846726479180520E+000  0.9578164529641601E+000 -0.4482724444641958E-004  0.3540213669258162E+001 -0.1656873016257634E-003  0.9999977777300482E+000  0.4354390302356927E+001 -0.7320200775506223E-016  0.4745655565158831E+001  0.6118901230537176E-003  0.4587061787844224E+000 -0.5657652281730836E+001  0.5781479192866713E+001
                      121                        2                        0                       28 -0.9554203054094713E+000  0.9877420054966652E+000 -0.5649693354872419E-004  0.3650822387460711E+001 -0.2088199840391002E-003  0.9999977777300482E+000  0.1378080917595046E+001  0.6308471397719881E-017  0.1412235035290128E+001  0.2127456846450200E-003  0.4878171347112880E+000 -0.1679055910878648E+001  0.1584775692119984E+001
                      122                        2                        0                       27 -0.9804856066177871E+000  0.1038373280041329E+001 -0.5139675623193145E-004  0.3837962136084017E+001 -0.1899690680868079E-003  0.9999977777300482E+000  0.9353577443644288E+000 -0.2399447617666455E-016  0.8672920597389223E+000  0.1167202317016811E-003  0.5391095343518930E+000 -0.1018265245151999E+001  0.8507539687319976E+000
                      123                        2                        0                       26 -0.7926440272620456E+000  0.1086309363876531E+001 -0.2874118777518899E-004  0.4015140110756413E+001 -0.1062311526572273E-003  0.9999977777300482E+000  0.2954285792716797E+001  0.1865111121129806E-016  0.2502744278108226E+001  0.2146845825832976E-003  0.5900340170229148E+000 -0.2888734935391335E+001  0.2175973751491723E+001
                      124                        2                        0                       25 -0.9110992745937057E+000  0.1107929669656256E+001 -0.3729228924734668E-004  0.4095051561241580E+001 -0.1378371312612292E-003  0.9999977777300482E+000  0.2050225069597579E+001 -0.1594885084130253E-016  0.1669696042009309E+001  0.1644575086684582E-003  0.6137540764523109E+000 -0.1911205160519150E+001  0.1378467612886269E+001
                      125                        2                        0                       24 -0.9819140019913047E+000  0.1157376659085543E+001 -0.4080643281228969E-004  0.4277814038686492E+001 -0.1508258610390965E-003  0.9999977777300482E+000  0.7535670904504366E+000 -0.4240585770129120E-017  0.5623521400148296E+000  0.5449652047045587E-004  0.6697603654980052E+000 -0.6315013621574492E+000  0.4158566705124743E+000
                      126                        2                        0                       23 -0.9784921291311768E+000  0.1224373693405707E+001 -0.3646540450513795E-004  0.4525443755179656E+001 -0.1347808581535695E-003  0.9999977777300482E+000  0.7892150877655867E+000  0.4709138389379868E-017  0.5262241503260824E+000  0.4111344018853642E-004  0.7495454705519674E+000 -0.5779047164575132E+000  0.3434589985440530E+000
                      127                        2                        0                       22 -0.7975670806853635E+000  0.1281991486055005E+001 -0.1897997764947334E-004  0.4738406579631325E+001 -0.7015245573297140E-004  0.9999977777300482E+000  0.2622654077563142E+001 -0.1138019877136790E-017  0.1594954763011472E+001  0.6493199012539491E-004  0.8217510851587594E+000 -0.1730507332298444E+001  0.9639533714124857E+000
                      128                        2                        0                       21 -0.9147816226057398E+000  0.1312906220370380E+001 -0.2640579044492157E-004  0.4852671441824990E+001 -0.9759922163727526E-004  0.9999977777300482E+000  0.1775682813520286E+001  0.2418876955822793E-017  0.1029586221826388E+001  0.4867410310463841E-004  0.8618613717436286E+000 -0.1114124206893590E+001  0.6057108200400420E+000
                      129                        2                        0                       20 -0.9695581513686508E+000  0.1379384032232229E+001 -0.2941714709273657E-004  0.5098382044861058E+001 -0.1087295858470505E-003  0.9999977777300482E+000  0.7217408754822763E+000  0.6167760946892351E-018  0.3790978403788985E+000  0.1561679609876217E-004  0.9513501541886233E+000 -0.4124952362422981E+000  0.2188214225643123E+000
                      130                        2                        0                       19 -0.9654486551430758E+000  0.1470575447249520E+001 -0.2564464123812289E-004  0.5435437326135586E+001 -0.9478591558274404E-004  0.9999977777300482E+000  0.8285413694455422E+000  0.4448658227070510E-018  0.3828708918899202E+000  0.8799250418814635E-005  0.1081296073026559E+001 -0.4322453802696071E+000  0.2355424913199818E+000
                      131                        2                        0                       16 -0.9583862920598113E+000  0.1700713284297370E+001 -0.1982388790993304E-004  0.6286056579969590E+001 -0.7327165736128008E-004  0.9999977777300482E+000  0.1055588971866800E+001 -0.3412266995048015E-017  0.3646761324256518E+000 -0.1839517386658279E-005  0.1446212837692776E+001 -0.5291554001238901E+000  0.3674366967758966E+000
                      132                        2                        0                       15 -0.9370203840114717E+000  0.1835757843097325E+001 -0.1553429262377689E-004  0.6785198760648363E+001 -0.5741675758310344E-004  0.9999977777300482E+000  0.1650018204909510E+001 -0.7726656012002354E-017  0.4892485586641012E+000 -0.6928879153013322E-005  0.1685003429246671E+001 -0.8899839617056975E+000  0.7145693022168418E+000
                      133                        2                        0                       12 -0.8481505983036540E+000  0.2230429937316933E+001 -0.1091366270548365E-004  0.8243957939932665E+001 -0.4033831092800401E-004  0.9999977777300482E+000  0.3120804860898345E+001 -0.1326191983159223E-016  0.6269513392232733E+000 -0.4776290728512291E-005  0.2487408852639815E+001 -0.2379689164097989E+001  0.2472490918522606E+001
                      134                        2                        0                        9  0.2392042139074292E-001  0.2863793440308962E+001  0.3135999757506394E-005  0.1058495148202785E+002  0.1159106128732353E-004  0.9999977777300482E+000  0.3936419139430323E+002 -0.1508172882422403E-015  0.4799121012317391E+001  0.1875101045733058E-004  0.4100656434378307E+001 -0.4540727989563713E+002  0.6001239026041790E+002
                      135                        2                        1                        7 -0.4716520621946061E+000  0.3727904016417367E+001 -0.3291143101950075E-002  0.1377881609337629E+002 -0.1216449118299322E-001  0.9999977777300482E+000  0.4731705964611743E+003  0.4578587558334925E-014  0.3405018287806902E+002  0.5974176809004531E-001  0.6948634177810387E+001 -0.5257450388719814E+003  0.1132529910355214E+004
                      136                        2                        6                        2 -0.6540654368841216E+000  0.8825810134675873E+001 -0.4631699023053036E-001  0.3262133740171394E+002 -0.1711935949999346E+000  0.9999977777300482E+000  0.5035088172630066E+004  0.5664101288773679E-013  0.6463440749313494E+002  0.6784624948972086E+000  0.3894746226667372E+002 -0.6269145585233219E+004 -0.7704850786334536E+004
                      137                        3                        0                      149 -0.9943743744868988E+000  0.2749068102225860E+000 -0.1623173171392676E-002  0.1016091177292164E+001 -0.5999458279458574E-002  0.9999977777300482E+000  0.1272326035694351E+000 -0.5572829052067043E-018  0.1683391192615861E+001  0.1988085650021268E-001  0.3778687715337847E-001  0.8243013832791742E+000  0.6426905146945965E+000
                      138                        3                        0                      147 -0.9922122048031823E+000  0.2773497660630283E+000 -0.1569880496703247E-002  0.1025120658497006E+001 -0.5802481651188120E-002  0.9999977777300482E+000  0.1510897925991568E+000 -0.9574087732672336E-017  0.1963997088736178E+001  0.2223556102161578E-001  0.3846144636760813E-001  0.9851293088687032E+000  0.7574691423940246E+000
                      139                        3                        0                      144 -0.9950357058415433E+000  0.2826806170127331E+000 -0.1518880093347327E-002  0.1044824174074044E+001 -0.5613977554667799E-002  0.9999977777300482E+000  0.1214442248496626E+000  0.6140840090722269E-019  0.1519673403142329E+001  0.1633206640920979E-001  0.3995416561734979E-001  0.8017665880335086E+000  0.5997082519168816E+000
                      140                        3                        0                      142 -0.9930101135666088E+000  0.2882770998054699E+000 -0.1479023066626479E-002  0.1065509499348318E+001 -0.5466660821512439E-002  0.9999977777300482E+000  0.1494292652879169E+000 -0.4844170209327035E-017  0.1797977026200427E+001  0.1845045792645515E-001  0.4155184313612625E-001  0.9978085607150705E+000  0.7277925423449898E+000
                      141                        3                        0                      139 -0.9920966946397295E+000  0.2937908431819099E+000 -0.1455633859735380E-002  0.1085889009023315E+001 -0.5380211283406547E-002  0.9999977777300482E+000  0.1642403812033317E+000  0.4962454679985205E-017  0.1902718266972308E+001  0.1885567041274281E-001  0.4315652976876892E-001  0.1107435502648040E+001  0.7906284694408823E+000
                      142                        3                        0                      135 -0.9890748839087219E+000  0.3033049122067188E+000 -0.1351158185306696E-002  0.1121054240428204E+001 -0.4994055658732567E-002  0.9999977777300482E+000  0.1989144036652260E+000 -0.7917578160753528E-018  0.2162143266800212E+001  0.1926452915011411E-001  0.4599693488436257E-001  0.1360174913419376E+001  0.9423148183791674E+000
                      143                        3                        0                      132 -0.9830459633636318E+000  0.3099417542740965E+000 -0.1273972910844819E-002  0.1145584868331833E+001 -0.4708768887065882E-002  0.9999977777300482E+000  0.2518416462956163E+000  0.4395406778467147E-017  0.2621490551334827E+001  0.2155128021615657E-001  0.4803194552125221E-001  0.1735875340829401E+001  0.1182914165786479E+001
                      144                        3                        0                      129 -0.9803464649437258E+000  0.3162964125835316E+000 -0.1322490719552895E-002  0.1169072508516867E+001 -0.4888096992215075E-002  0.9999977777300482E+000  0.2871588205181309E+000  0.2806647724832769E-017  0.2870210440765394E+001  0.2400251223831488E-001  0.5002171030660576E-001  0.1991988619333880E+001  0.1340017242083427E+001
                      145                        3                        0                      127 -0.9757656313935270E+000  0.3237912652610558E+000 -0.1251028089654548E-002  0.1196774454767564E+001 -0.4623961856068343E-002  0.9999977777300482E+000  0.3238817087593350E+000  0.7094321294524209E-017  0.3089153981685989E+001  0.2387191048255532E-001  0.5242039172967776E-001  0.2261082005398217E+001  0.1503152128934028E+001
                      146                        3                        0                      124 -0.9668246001457073E+000  0.3311265403998688E+000 -0.1168815975173091E-002  0.1223886581766251E+001 -0.4320095232598723E-002  0.9999977777300482E+000  0.3823274626234794E+000  0.1318673798886433E-017  0.3486856589649638E+001  0.2461698586849758E-001  0.5482239287859301E-001  0.2682730191900025E+001  0.1768349556457933E+001
                      147                        3                        0                      123 -0.9699331023255510E+000  0.3344135063429688E+000 -0.1146336215751941E-002  0.1236035633629096E+001 -0.4237007130135977E-002  0.9999977777300482E+000  0.3657333655745885E+000 -0.3082964322827357E-017  0.3270276321454284E+001  0.2242141929356761E-001  0.5591619661229959E-001  0.2571314477061004E+001  0.1689935969527026E+001
                      148                        3                        0                      120 -0.9590068123021567E+000  0.3432966528318395E+000 -0.1056312928082982E-002  0.1268868893622282E+001 -0.3904269398840044E-002  0.9999977777300482E+000  0.4299643007798987E+000  0.2878388614050314E-016  0.3648242501779108E+001  0.2245245171438584E-001  0.5892629592277252E-001  0.3036258128055070E+001  0.1984648429793155E+001
                      149                        3                        0                      117 -0.9556072218851913E+000  0.3509877400094321E+000 -0.1036491755134743E-002  0.1297296148002081E+001 -0.3831007776328838E-002  0.9999977777300482E+000  0.4593805133496559E+000 -0.1003001741016946E-016  0.3728894372030061E+001  0.2202504807813849E-001  0.6159619681846445E-001  0.3253451941218033E+001  0.2122058414663727E+001
                      150                        3                        0                      112 -0.9461383089818034E+000  0.3687011283150942E+000 -0.9763042788708172E-003  0.1362767125468083E+001 -0.3608547068404795E-002  0.9999977777300482E+000  0.5307354005510334E+000  0.1768595400481740E-020  0.3904116563318758E+001  0.2067803209940865E-001  0.6797026101041199E-001  0.3774433016240851E+001  0.2468933897023552E+001
                      151                        3                        0                      109 -0.9198509081151864E+000  0.3778890875980949E+000 -0.9092444793004638E-003  0.1396727013028590E+001 -0.3360685363417399E-002  0.9999977777300482E+000  0.6567866906482855E+000  0.2339120605720043E-016  0.4599291213254874E+001  0.2213553803800108E-001  0.7140008126285996E-001  0.4675504671481180E+001  0.3074145796954251E+001
                      152                        3                        0                      107 -0.8899684695792693E+000  0.3829907063497514E+000 -0.9676273574083313E-003  0.1415583256710838E+001 -0.3576476042819979E-002  0.9999977777300482E+000  0.8224445117383961E+000 -0.7749682420569483E-017  0.5606923647000666E+001  0.2833519150858947E-001  0.7334094057514083E-001  0.5856662254058545E+001  0.3865175442317297E+001
                      153                        3                        0                      105 -0.8736550631300245E+000  0.3929143121752955E+000 -0.9013719869519330E-003  0.1452262189175611E+001 -0.3331587612029699E-002  0.9999977777300482E+000  0.8863971275291318E+000 -0.9863507838533348E-017  0.5741543166304665E+001  0.2634643089733571E-001  0.7719082835609305E-001  0.6312264285457394E+001  0.4204006942333229E+001
                      154                        3                        0                      102 -0.8530257293550229E+000  0.4040182118557439E+000 -0.8485840448968437E-003  0.1493303640603117E+001 -0.3136476540950168E-002  0.9999977777300482E+000  0.9689507939401114E+000 -0.1320503862309064E-017  0.5936042012631488E+001  0.2493915386219058E-001  0.8161535775555644E-001  0.6895735873861661E+001  0.4651147880010866E+001
                      155                        3                        0                       99 -0.8928291547853271E+000  0.4164007585752491E+000 -0.8451458171060063E-003  0.1539071137100967E+001 -0.3123768405706221E-002  0.9999977777300482E+000  0.8329609799334118E+000 -0.3160562834504661E-016  0.4803957581674114E+001  0.1950335851358100E-001  0.8669479587102168E-001  0.5919694115506795E+001  0.4060739873804708E+001
                      156                        3                        0                       96 -0.6495506674934011E+000  0.4281955548062913E+000 -0.1033162520891018E-002  0.1582666231666348E+001 -0.3818702495352172E-002  0.9999977777300482E+000  0.2008504088711336E+001 -0.3238955172484306E-016  0.1095427744370381E+002  0.5286755299584528E-001  0.9167571657793362E-001  0.1424934341892280E+002  0.9956246939124609E+001
                      157                        3                        0                       95 -0.7926229076336472E+000  0.4339735162946032E+000 -0.7973398989086806E-003  0.1604022325705103E+001 -0.2947071540090839E-002  0.9999977777300482E+000  0.1244189538243273E+001  0.1710400294110964E-016  0.6606304796711199E+001  0.2427894258115118E-001  0.9416650642255123E-001  0.8814672858103462E+001  0.6221513191365253E+001
                      158                        3                        0                       92 -0.7471521648267011E+000  0.4480794623650545E+000 -0.7447732003118905E-003  0.1656159729423619E+001 -0.2752778213489261E-002  0.9999977777300482E+000  0.1406722861441731E+001 -0.8146954122276909E-016  0.7006446045739216E+001  0.2329482873162628E-001  0.1003876022966778E+000  0.9932711506974279E+001  0.7198745371840096E+001
                      159                        3                        0                       87 -0.6283313093924928E+000  0.4760997612670382E+000 -0.7256684411750466E-003  0.1759726383433909E+001 -0.2682164549216917E-002  0.9999977777300482E+000  0.1922544995055178E+001 -0.3282724274288180E-016  0.8481651734473147E+001  0.2585908709519230E-001  0.1133354913392654E+000  0.1345654770620653E+002  0.1037191654920247E+002
                      160                        3                        0                       84 -0.6257730746120647E+000  0.4922007107455604E+000 -0.5932775331901758E-003  0.1819237578147153E+001 -0.2192830605659072E-002  0.9999977777300482E+000  0.1783549255597111E+001 -0.8974293813177198E-016  0.7362097862945409E+001  0.1775105248728849E-001  0.1211307698292172E+000  0.1239953435813171E+002  0.9957732110531946E+001
                      161                        3                        0                       81 -0.3591625601246960E+000  0.5118148908494955E+000 -0.9352897761914195E-003  0.1891734128295516E+001 -0.3456952154187069E-002  0.9999977777300482E+000  0.3942667329832009E+001 -0.8521922581993262E-016  0.1505090969624585E+002  0.5501468600767963E-001  0.1309772412476407E+000  0.2715685594091316E+002  0.2304721056307191E+002
                      162                        3                        0                       80 -0.5107255126964132E+000  0.5164146651629425E+000 -0.6625542525096572E-003  0.1908735489933827E+001 -0.2448886333180978E-002  0.9999977777300482E+000  0.2440445816429030E+001  0.3561891340044779E-016  0.9151086981276320E+001  0.2348549191234496E-001  0.1333420531976773E+000  0.1675422364939216E+002  0.1442561196769831E+002
                      163                        3                        0                       77 -0.5895790236916312E+000  0.5368922808102194E+000 -0.5488689134312949E-003  0.1984423409685000E+001 -0.2028690595099908E-002  0.9999977777300482E+000  0.1915889597441176E+001 -0.1094975323986797E-015  0.6646569636248493E+001  0.1359281351961949E-001  0.1441266605967992E+000  0.1295855819081966E+002  0.1194067480311060E+002
                      164                        3                        0                       72 -0.2918956197718415E+000  0.5766292146715243E+000 -0.7402842235760219E-003  0.2131296264076719E+001 -0.2736186374048497E-002  0.9999977777300482E+000  0.4185546882665626E+001  0.2859513818904068E-015  0.1258808172733461E+002  0.3233015756902379E-001  0.1662506256063494E+000  0.2706479066745674E+002  0.2922958110199916E+002
                      165                        3                        0                       69 -0.2196869543003337E+000  0.6013569312129040E+000 -0.6774635816616722E-003  0.2222693107217615E+001 -0.2503993144825408E-002  0.9999977777300482E+000  0.4831917054147250E+001 -0.2599759062794034E-015  0.1336152426616612E+002  0.3011799213267319E-001  0.1808150793589001E+000  0.2979832707900999E+002  0.3637338602264411E+002
                      166                        3                        0                       66 -0.3463583167778431E+000  0.6281814711846929E+000 -0.4291782277138949E-003  0.2321840081343817E+001 -0.1586298318011432E-002  0.9999977777300482E+000  0.2791369728171707E+001  0.7690240635279963E-016  0.7073745153677078E+001  0.9675656048891486E-002  0.1973059803698826E+000  0.1590424628524874E+002  0.2277782055778889E+002
                      167                        3                        0                       63 -0.1779051651127312E+000  0.6576144563188522E+000 -0.4774520377507191E-003  0.2430628206643354E+001 -0.1764724572468278E-002  0.9999977777300482E+000  0.4597645211555120E+001  0.1035684604810156E-015  0.1063151098482272E+002  0.1545882651355114E-001  0.2162283865797700E+000  0.2288572929175610E+002  0.4074231114951372E+002
                      168                        3                        0                       60 -0.9865164776237172E-001  0.6939290578600955E+000 -0.5177214436635191E-003  0.2564851677509941E+001 -0.1913565512529614E-002  0.9999977777300482E+000  0.6801636264961862E+001 -0.2136794540109664E-015  0.1412489912107867E+002  0.2111128944128601E-001  0.2407687686713006E+000  0.2548555799533103E+002  0.6523803327962329E+002
                      169                        3                        0                       57 -0.6661447716544779E-001  0.7293938153586518E+000 -0.3491517468587222E-003  0.2695934014720548E+001 -0.1290510079514019E-002  0.9999977777300482E+000  0.7155443033674889E+001  0.6555065913683371E-017  0.1344976495624401E+002  0.1290657668819384E-001  0.2660076689417253E+000  0.1602312617813711E+002  0.7124549639359793E+002
                      170                        3                        0                       51 -0.6755010024051458E-001  0.7968397682292581E+000 -0.9820683658030046E-004  0.2945222992321350E+001 -0.3629851880287042E-003  0.9999977777300482E+000  0.4345466493261489E+001  0.1378238247742040E-015  0.6843795337125682E+001  0.1683207655455833E-002  0.3174768081158290E+000 -0.3070452833400200E+001  0.4057811236641390E+002
                      171                        3                        0                       50 -0.5189823116194501E+000  0.8109459177193424E+000 -0.1939999944447017E-003  0.2997361147905178E+001 -0.7170491068969342E-003  0.9999977777300482E+000  0.1647013875351509E+001 -0.4092339630440348E-016  0.2504471916876657E+001  0.1195037631534312E-002  0.3288166407328332E+000 -0.2015962001248226E+001  0.1486240292092743E+002
                      172                        3                        0                       47 -0.8722242550522159E-001  0.8618746241928191E+000 -0.8090977169188187E-004  0.3185600243461605E+001 -0.2990529958362235E-003  0.9999977777300482E+000  0.4284875127221460E+001 -0.3630969954030034E-015  0.5768375318430594E+001  0.1063520683217392E-002  0.3714139339137567E+000 -0.1115135143516129E+002  0.3261456558650583E+002
                      173                        3                        0                       40 -0.1275506130641341E+000  0.1005629410988129E+001 -0.7155599718785399E-004  0.3716936554984634E+001 -0.2644802337419425E-003  0.9999977777300482E+000  0.6030758083995363E+001 -0.1039142663995512E-015  0.5963466174150337E+001  0.8472736944223454E-003  0.5056452561221630E+000 -0.2118583379872787E+002  0.2435406674054709E+002
                      174                        3                        0                       39  0.4063825855471158E-001  0.1033838001468993E+001  0.1353973617381706E-003  0.3821199159058524E+001  0.5004461860344546E-003  0.9999977777300482E+000  0.1826771323944897E+002 -0.1561356349591476E-015  0.1709152103918420E+002 -0.4453763490445068E-002  0.5344105066407003E+000 -0.6295826608037818E+002  0.6501320004715294E+002
                      175                        3                        0                       34 -0.1621329510233319E+000  0.1168132637605909E+001 -0.8843017645973497E-004  0.4317569528442596E+001 -0.3268493859223562E-003  0.9999977777300482E+000  0.1224713632914722E+002 -0.1421664571052196E-015  0.8975134404076000E+001  0.1435629853581655E-002  0.6822669295200671E+000 -0.3598135491521150E+002  0.2476013625298443E+002
                      176                        3                        0                       31 -0.8752367490252595E+000  0.1274930827264666E+001 -0.7052677159098443E-004  0.4712309470225687E+001 -0.2606760826276952E-003  0.9999977777300482E+000  0.2954688592380619E+001  0.3825520054436746E-016  0.1817677767686155E+001  0.2221607995355610E-003  0.8127243071548840E+000 -0.7476321940671392E+001  0.4019471342632004E+001
                      177                        3                        0                       28 -0.9823353601498291E+000  0.1394753221575714E+001 -0.5812872589107028E-004  0.5155188559335556E+001 -0.2148512998907820E-003  0.9999977777300482E+000  0.1447319624740805E+001 -0.8974860591313072E-017  0.7439321206301792E+000  0.7087195784071602E-004  0.9726682745479168E+000 -0.3133111014966927E+001  0.1351448168671081E+001
                      178                        3                        0                       25 -0.9784244800539557E+000  0.1559227665662925E+001 -0.4396612257320037E-004  0.5763107407878209E+001 -0.1625044836473987E-003  0.9999977777300482E+000  0.1696381725077735E+001 -0.6350935545503197E-017  0.6976698924708084E+000  0.4569729964135558E-004  0.1215595456684323E+001 -0.3082072886172885E+001  0.1101761498701965E+001
                      179                        3                        0                       24 -0.9883183572472081E+000  0.1633529185488030E+001 -0.4136295480023453E-004  0.6037735448895309E+001 -0.1528828383888464E-003  0.9999977777300482E+000  0.1052670996928537E+001 -0.1595274852822197E-017  0.3944370959632755E+000  0.2287825059787934E-004  0.1334208799920591E+001 -0.1797686994615399E+001  0.6219316920500499E+000
                      180                        3                        0                       19 -0.9391181342011966E+000  0.2069159376968894E+001 -0.2455508554355396E-004  0.7647881060666099E+001 -0.9075877661327457E-004  0.9999977777300482E+000  0.2843123394689578E+001  0.4290959513595596E-018  0.6639503666654868E+000  0.1611132705429685E-004  0.2140710263649144E+001 -0.4127480714117891E+001  0.1918511666558550E+001
                      181                        3                        0                       16 -0.9344213528286044E+000  0.2393391840319037E+001 -0.1992334563295969E-004  0.8846286240716156E+001 -0.7363926598763284E-004  0.9999977777300482E+000  0.3072087326989584E+001 -0.5680475556946854E-018  0.5362296440311446E+000  0.9530720979209232E-005  0.2864162250652866E+001 -0.4563610942575690E+001  0.2964475238436186E+001
                      182                        3                        0                       13 -0.2329973211585640E+000  0.2846446626321908E+001 -0.1125233611058137E-004  0.1052083541072317E+002 -0.4159009169918485E-004  0.9999977777300482E+000  0.2145558979830857E+002 -0.6155631674966140E-016  0.2647985928449751E+001  0.2881426955734005E-004  0.4051129198249686E+001 -0.3417029202488769E+002  0.3183993417467467E+002
                      183                        3                        4                        4 -0.6484805236163335E+000  0.6972522460010411E+001 -0.1686404574860846E+000  0.2577134611307627E+002 -0.6233169736587580E+000  0.9999977777300482E+000  0.7231074117862422E+004  0.2278841493324855E-013  0.1484784179864126E+003  0.7186602150290851E+001  0.2430803472767483E+002  0.7176652137635639E+004 -0.1049854224910686E+005
