                                                                                                                                                                                                                                                                



                        1                        2                        3                        4                        5                        6                        7                        8                        9                       10                       11                       12                       13                       14                       15                       16                       17
                        j                        l                      n_p                      n_g                      eta                Re(omega)                Im(omega)                 Re(freq)                 Im(freq)                    x_ref             Re(xi_r_ref)             Im(xi_r_ref)             Re(xi_h_ref)             Im(xi_h_ref)                        H            Re(lag_L_ref)            Im(lag_L_ref)
                        2                        1                        0                       39 -0.9998038456406656E+000  0.7409841337711548E-001 -0.5069147048966216E-003  0.1079493098090013E+001 -0.7384920949268790E-002  0.9999901009503529E+000  0.1012486993846825E+001 -0.4675569700180464E-017  0.1843990221775982E+003  0.2479796198367521E+001  0.2745287432502947E-002  0.1605233480053819E+002 -0.1427854143113095E+001
                        4                        1                        0                       36 -0.9999975466614862E+000  0.7968508067226367E-001 -0.1807482082896317E-002  0.1160881733980835E+001 -0.2633206764465665E-001  0.9999901009503529E+000  0.2397605240095085E+001 -0.2337434922150329E-016  0.3770151901024932E+003  0.1710551669186392E+002  0.3174856040872582E-002  0.3706628888405287E+002 -0.3201773441600416E+001
                        5                        1                        0                       38 -0.9999983584691411E+000  0.7592107282405190E-001 -0.1843805745156246E-002  0.1106046275188730E+001 -0.2686124419405704E-001  0.9999901009503529E+000  0.2166886340988962E+001 -0.1460965476235155E-015  0.3752741368208551E+003  0.1824735421536630E+002  0.2882004649377506E-002  0.3404977543120044E+002 -0.2854688078052185E+001
                        6                        1                        0                       36 -0.9998456789633305E+000  0.8052229903186572E-001 -0.5267402506404153E-003  0.1173078640764588E+001 -0.7673746833938850E-002  0.9999901009503529E+000  0.1273383034628012E+001  0.8006833467339195E-016  0.1963586256072786E+003  0.2583929347273477E+001  0.3241920320688599E-002  0.1961927267545712E+002 -0.1804734509044305E+001
                        7                        1                        0                       34 -0.9999985756451630E+000  0.8405695407183861E-001 -0.2014055620838150E-002  0.1224572802999353E+001 -0.2934150736533376E-001  0.9999901009503529E+000  0.2865573680770129E+001 -0.6077150418776142E-017  0.4048858469670263E+003  0.1941562195858893E+002  0.3532785763917596E-002  0.4353621444813394E+002 -0.3808695352553968E+001
                        8                        1                        0                       33 -0.9999580269651122E+000  0.8854479742847214E-001 -0.9464647118204153E-003  0.1289953365254296E+001 -0.1378844805753201E-001  0.9999901009503529E+000  0.2162097657007422E+001  0.8289199073519880E-016  0.2756818500474395E+003  0.5888003312948371E+001  0.3920090575824582E-002  0.3230603078573223E+002 -0.2990487036068053E+001
                        9                        1                        0                       33 -0.9999904406610890E+000  0.8886054972718593E-001 -0.1510263196886555E-002  0.1294553361551556E+001 -0.2200207295993064E-001  0.9999901009503529E+000  0.2781980999180250E+001 -0.1773494472929959E-016  0.3520187536856493E+003  0.1196536822015011E+002  0.3948098648908840E-002  0.4152570313045171E+002 -0.3762169543154295E+001
                       10                        1                        0                       31 -0.9999972086913834E+000  0.9386383916289381E-001 -0.2106229337250422E-002  0.1367443132970891E+001 -0.3068432816482855E-001  0.9999901009503529E+000  0.3721111219990515E+001 -0.2078872146306955E-016  0.4217379892029909E+003  0.1893215168295930E+002  0.4405210151198796E-002  0.5461883865156395E+002 -0.4866375982013897E+001
                       11                        1                        0                       30 -0.9998748589460437E+000  0.9643364369387838E-001 -0.6160353461677395E-003  0.1404880996053328E+001 -0.8974630819462958E-002  0.9999901009503529E+000  0.2090160941364562E+001  0.6383632911097889E-017  0.2247178220935110E+003  0.2869774061005778E+001  0.4649723818038939E-002  0.3040978328177314E+002 -0.2854857749797614E+001
                       12                        1                        0                       29 -0.9999987398556727E+000  0.1000354400428510E+000 -0.2589898502884457E-002  0.1457353297715897E+001 -0.3773059949865103E-001  0.9999901009503529E+000  0.4720450897018139E+001 -0.3528212427793364E-016  0.4707775086273799E+003  0.2439493138731959E+002  0.5003544632283420E-002  0.6797458118684081E+002 -0.5942292442658784E+001
                       13                        1                        0                       27 -0.9999983304603403E+000  0.1065953165201399E+000 -0.2831238303909608E-002  0.1552920005001743E+001 -0.4124652700137848E-001  0.9999901009503529E+000  0.5607351374436938E+001 -0.2209470047468690E-015  0.4924681187315235E+003  0.2617799348140340E+002  0.5681280752014400E-002  0.7923899818282882E+002 -0.6787918723320798E+001
                       15                        1                        0                       27 -0.9999502117168775E+000  0.1085959762950699E+000 -0.1039505937517193E-002  0.1582066356728219E+001 -0.1514390705321039E-001  0.9999901009503529E+000  0.3498842237801352E+001  0.7449534973715093E-017  0.2966210728981123E+003  0.5667875544219886E+001  0.5896543033739674E-002  0.4912454824261215E+002 -0.4431815586835632E+001
                       17                        1                        0                       25 -0.9999980318745169E+000  0.1151282371489839E+000 -0.3131287185225203E-002  0.1677230749396599E+001 -0.4561775010465004E-001  0.9999901009503529E+000  0.6851076973687251E+001 -0.2435540410642732E-015  0.5157601670765148E+003  0.2808379441997257E+002  0.6627255494516343E-002  0.9463579051867853E+002 -0.7780993465447380E+001
                       18                        1                        0                       24 -0.9999194244763574E+000  0.1219143265613958E+000 -0.1176519421454789E-002  0.1776093010406669E+001 -0.1713997017406502E-001  0.9999901009503529E+000  0.4676217895936305E+001  0.6035825703027072E-017  0.3145195889755005E+003  0.6065567923627299E+001  0.7431551510459316E-002  0.6339764165696297E+002 -0.5343919299106055E+001
                       19                        1                        0                       23 -0.9999737398647062E+000  0.1243788731789886E+000 -0.2316083612901177E-002  0.1811997437267638E+001 -0.3374156288612736E-001  0.9999901009503529E+000  0.6823611616621790E+001 -0.5177273496774856E-016  0.4406340850253637E+003  0.1642301115483475E+002  0.7735052046637447E-002  0.9202563772765167E+002 -0.7367423359039049E+001
                       20                        1                        0                       22 -0.9999139512128049E+000  0.1330992439677267E+000 -0.2952805891433475E-002  0.1939039024937257E+001 -0.4301756858921358E-001  0.9999901009503529E+000  0.8738886090109864E+001 -0.8810404727056222E-016  0.4925850948120473E+003  0.2186637634902624E+002  0.8857704372390212E-002  0.1154479677738150E+003 -0.8462643571677621E+001
                       21                        1                        0                       21 -0.9994956841690531E+000  0.1400536400250721E+000 -0.8049144712264497E-003  0.2040353239414181E+001 -0.1172629178737686E-001  0.9999901009503529E+000  0.5019107695369847E+001  0.3246398767173626E-016  0.2558482818344376E+003  0.2943291470926233E+001  0.9807511042136233E-002  0.6509154728099604E+002 -0.4794841415748573E+001
                       22                        1                        0                       19 -0.9999499940338761E+000  0.1564315150797992E+000 -0.5249705161162137E-002  0.2278952182052522E+001 -0.7647964686693612E-001  0.9999901009503529E+000  0.1554146625607166E+002 -0.3402941661899903E-015  0.6329803826584422E+003  0.4253172109347683E+002  0.1223540945508072E-001  0.1948251590427988E+003 -0.9583558333816512E+001
                       23                        1                        0                       20 -0.9998883255296944E+000  0.1446704830611426E+000 -0.3353825756656017E-002  0.2107613116721381E+001 -0.4885977433930886E-001  0.9999901009503529E+000  0.1084059346399835E+002  0.2910565947282870E-015  0.5171377841733807E+003  0.2399265767475586E+002  0.1046477433457219E-001  0.1394062390432406E+003 -0.8911988820063776E+001
                       24                        1                        0                       18 -0.9996098967752260E+000  0.1604658790712880E+000 -0.1352129495964265E-002  0.2337726289155603E+001 -0.1969832270481704E-001  0.9999901009503529E+000  0.8332937695322190E+001  0.3019276267137421E-016  0.3235588419341805E+003  0.5451982645947422E+001  0.1287464917306058E-001  0.1030383397371448E+003 -0.5637512213741925E+001
                       26                        1                        0                       17 -0.9999619053261323E+000  0.1655711373338611E+000 -0.8107670329078514E-002  0.2412101580167120E+001 -0.1181155407105176E+000  0.9999901009503529E+000  0.2121315222376133E+002  0.1187414363625250E-015  0.7682906502855433E+003  0.7542361997418979E+002  0.1370690075901413E-001  0.2611350147236749E+003 -0.8688677744536088E+001
                       27                        1                        0                       16 -0.9997944831918402E+000  0.1787329027136506E+000 -0.4882389362618948E-002  0.2603847047291399E+001 -0.7112845442872862E-001  0.9999901009503529E+000  0.1903496165321315E+002 -0.9503767731157435E-015  0.5945459511453032E+003  0.3250769553316907E+002  0.1597272525622366E-001  0.2261846717562899E+003 -0.5947749095299251E+001
                       28                        1                        0                       15 -0.9992904287448208E+000  0.1859405503462774E+000 -0.1006184566774213E-002  0.2708850724405063E+001 -0.1465846899729846E-001  0.9999901009503529E+000  0.9354272987786251E+001  0.2195852809722568E-015  0.2705423107285292E+003  0.2925355879280325E+001  0.1728694413153822E-001  0.1086305413836616E+003 -0.2975170985154700E+001
                       29                        1                        0                       14 -0.9997869333290406E+000  0.1971995378968652E+000 -0.4675822084514089E-002  0.2872875820198741E+001 -0.6811910590367230E-001  0.9999901009503529E+000  0.2219861617465265E+002 -0.8368585237112105E-015  0.5698935763631376E+003  0.2703997067197996E+002  0.1944382887336855E-001  0.2516371000592801E+003 -0.7952449433747357E+000
                       30                        1                        0                       13 -0.9998966446018838E+000  0.2130314396071592E+000 -0.3276625376779114E-002  0.3103520821177670E+001 -0.4773509064570657E-001  0.9999901009503529E+000  0.2138468412962521E+002 -0.4649536742142582E-015  0.4708911864488290E+003  0.1448962057792756E+002  0.2269119713054937E-001  0.2317041972952162E+003  0.3672993076405526E+001
                       31                        1                        0                       12 -0.9957277004683429E+000  0.2255586269631755E+000 -0.4643327676047101E-003  0.3286021520895439E+001 -0.6764571534012396E-002  0.9999901009503529E+000  0.8943643449730414E+001  0.3214205350678590E-015  0.1757954165093203E+003  0.7249332221680702E+000  0.2543834709875650E-001  0.9303622173419940E+002  0.2519763339058652E+001
                       32                        1                        0                       11 -0.9867413354068284E+000  0.2380699317194997E+000 -0.5233494705513201E-003  0.3468290837025275E+001 -0.7624348695213660E-002  0.9999901009503529E+000  0.1044649826037505E+002 -0.1282205617165182E-016  0.1843144997604117E+003  0.8085464365765886E+000  0.2833864619446367E-001  0.1045372965861623E+003  0.4981424712787796E+001
                       34                        1                        0                       10 -0.9294615631409742E+000  0.2683507899231237E+000 -0.8863023854295446E-004  0.3909433581454803E+001 -0.1291198103018212E-002  0.9999901009503529E+000  0.5283998248646184E+001  0.2433834020395921E-016  0.7338156130955863E+002  0.4888655668549868E-001  0.3600607322618235E-001  0.4761089790389218E+002  0.4772665509034611E+001
                       35                        1                        0                        9 -0.8338112218368864E+000  0.2953746592220338E+000 -0.8621057772874066E-005  0.4303127306628001E+001 -0.1255947589145950E-003  0.9999901009503529E+000  0.1869717821744972E+001  0.3983789486180943E-017  0.2142735790432349E+002  0.1203212636564342E-002  0.4362309465526627E-001  0.1513981407550753E+002  0.2314579887406373E+001
                       36                        1                        0                        8 -0.7083345244491444E+000  0.3207023546225431E+000 -0.1179265345761103E-004  0.4672110542965690E+001 -0.1717997381518832E-003  0.9999901009503529E+000  0.2590337458476321E+001 -0.4844293916423840E-017  0.2518554514787424E+002  0.1893935916641921E-002  0.5142500013022164E-001  0.1875188624362330E+002  0.3861601501864332E+001
                       37                        1                        0                        7 -0.4452466131984391E+000  0.3831786436504232E+000 -0.3211998645715678E-005  0.5582288234040279E+001 -0.4679358451952216E-004  0.9999901009503529E+000  0.1825869157260037E+001  0.1775866749494775E-016  0.1243627495317033E+002  0.1757314063484096E-003  0.7341293647488886E-001  0.9506553304083916E+001  0.3312578198351481E+001
                       38                        1                        0                        6 -0.4180008901541979E+000  0.4359320885812572E+000 -0.7302655735603998E-006  0.6350819935434231E+001 -0.1063877903051916E-004  0.9999901009503529E+000  0.8791003678962095E+000  0.4865577418619994E-017  0.4626359187304268E+001 -0.1487083535438208E-004  0.9501839292740885E-001  0.3257451167380290E+001  0.1574727604818260E+001
                       39                        1                        0                        5 -0.2700515358354498E+000  0.4975283143131815E+000 -0.7970375993222218E-006  0.7248176538842183E+001 -0.1161153860350128E-004  0.9999901009503529E+000  0.1415923787524883E+001 -0.2761937905096538E-016  0.5718823902780671E+001  0.1527930147020531E-003  0.1237672117716579E+000  0.3225197433891620E+001  0.2180637071849581E+001
                       40                        1                        0                        4 -0.2670353637907371E+000  0.6498827407767381E+000 -0.3203703568730795E-006  0.9467732185652636E+001 -0.4667273876932055E-005  0.9999901009503529E+000  0.1327602093418059E+001  0.1209365655959613E-017  0.3143599246900689E+001 -0.1135152998715290E-005  0.2111737883797426E+000  0.6710491627778113E-001  0.7780510187762846E+000
                       41                        1                        0                        3 -0.4166567687194561E+000  0.8235350954963926E+000 -0.1316863415028548E-006  0.1199756393026648E+002 -0.1918455339139005E-005  0.9999901009503529E+000  0.7162233890242152E+000 -0.1232903547788741E-017  0.1055740733900245E+001 -0.3705372283306006E-005  0.3391050267571244E+000 -0.8379669093856416E+000 -0.2800392078918915E+000
                       42                        1                        0                        2 -0.1943827105327595E+000  0.1042665840262120E+001 -0.1023691947836328E-006  0.1518994168537484E+002 -0.1491352300130258E-005  0.9999901009503529E+000  0.1330576773887264E+001  0.6786770929075767E-018  0.1223367359791341E+001 -0.2909004992243660E-004  0.5435760272247561E+000 -0.2541964102699169E+001 -0.1701801016425729E+001
                       43                        1                        0                        1 -0.4232548949537467E-001  0.2539780489133288E+001 -0.8375989464963162E-007  0.3700046173363545E+002 -0.1220245131442297E-005  0.9999901009503529E+000  0.7411432208600327E+001 -0.9189203935761363E-017  0.1149013340694089E+001  0.1106365005326687E-005  0.3225242466491062E+001 -0.3103398091360830E+002 -0.2782551928355481E+002
                       44                        2                        0                       70 -0.9994035105630952E+000  0.7053410748000659E-001 -0.3075944197187452E-003  0.1027566971199436E+001 -0.4481149298129737E-002  0.9999901009503529E+000  0.1943222288421063E+000 -0.6709042230713866E-018  0.3905820065962396E+002  0.3406634667660301E+000  0.2487530159000560E-002  0.4185759785886619E+001  0.1004939105352132E+000
                       45                        2                        0                       67 -0.9996263809840608E+000  0.7320671062973418E-001 -0.3157643878626524E-003  0.1066502442589105E+001 -0.4600172416453170E-002  0.9999901009503529E+000  0.2218507956852460E+000  0.1280529362268055E-018  0.4139499406001992E+002  0.3571074667347728E+000  0.2679611240612822E-002  0.4683089215710820E+001  0.7592714477796517E-001
                       46                        2                        0                       64 -0.9999758668840357E+000  0.7675280674739204E-001 -0.5826051207446163E-003  0.1118163282676103E+001 -0.8487606928300936E-002  0.9999901009503529E+000  0.3788152142344022E+000  0.6877158566850859E-017  0.6429492760452064E+002  0.9761419380962867E+000  0.2945496671801256E-002  0.7796694464663955E+001  0.6757695139394487E-001
                       47                        2                        0                       62 -0.9999834730646581E+000  0.8007609313318988E-001 -0.6568785156946576E-003  0.1166578148162997E+001 -0.9569649222678124E-002  0.9999901009503529E+000  0.4653218802062615E+000 -0.2115319288314995E-016  0.7255593661377011E+002  0.1190460663124411E+001  0.3206090345737649E-002  0.9376303599887406E+001  0.1169485542869653E-001
                       48                        2                        0                       66 -0.9999999624146828E+000  0.7491739199959462E-001 -0.1832155591411882E-002  0.1091424281635740E+001 -0.2669152044444417E-001  0.9999901009503529E+000  0.7501254291421910E+000 -0.5201237615258122E-016  0.1334142816368184E+003  0.6529381644328292E+001  0.2806307812010461E-002  0.1557460125584766E+002  0.3433796649718270E+000
                       49                        2                        0                       62 -0.9999998378514241E+000  0.7905981794989295E-001 -0.1636481872743026E-002  0.1151772675331266E+001 -0.2384087332322156E-001  0.9999901009503529E+000  0.7983010213063502E+000 -0.6595843054582126E-016  0.1275586068747873E+003  0.5283012357578753E+001  0.3125227407135110E-002  0.1614785308005832E+002  0.1554491771967072E+000
                       50                        2                        0                       64 -0.9999999119802726E+000  0.7700523429246117E-001 -0.1723865133067897E-002  0.1121840740535870E+001 -0.2511390498625086E-001  0.9999901009503529E+000  0.7709294234722358E+000 -0.1292564734801706E-017  0.1298177676409395E+003  0.5815206654688212E+001  0.2964903054218414E-002  0.1579270953251307E+002  0.2444888199770991E+000
                       51                        2                        0                       59 -0.9999996910711417E+000  0.8354117750357028E-001 -0.1563001890495779E-002  0.1217058779146121E+001 -0.2277038975861425E-001  0.9999901009503529E+000  0.9022781580649103E+000  0.1586451195623172E-018  0.1291505118762969E+003  0.4834341210670183E+001  0.3489564169341517E-002  0.1778544863228949E+002 -0.1881289855424689E-001
                       52                        2                        0                       61 -0.9999997721525248E+000  0.8143092288476438E-001 -0.1572763208925250E-002  0.1186315809190478E+001 -0.2291259625660289E-001  0.9999901009503529E+000  0.8434439803646834E+000  0.5807455589759636E-017  0.1270587105801542E+003  0.4909878663538390E+001  0.3315497600932219E-002  0.1682461731017586E+002  0.6085353636284577E-001
                       53                        2                        0                       58 -0.9999644497014590E+000  0.8498041533043316E-001 -0.5458956711706793E-003  0.1238026128240379E+001 -0.7952810086591679E-002  0.9999901009503529E+000  0.5026121934749866E+000  0.8095766468512793E-016  0.6959122644165510E+002  0.8941176308852252E+000  0.3610835494866462E-002  0.9849449383809695E+001 -0.9326822652715236E-001
                       54                        2                        0                       57 -0.9999995242269629E+000  0.8612846850173507E-001 -0.1559916271948312E-002  0.1254751391551395E+001 -0.2272543732611915E-001  0.9999901009503529E+000  0.9820255278183708E+000 -0.1002688074632537E-016  0.1322558476480533E+003  0.4792276598704456E+001  0.3709056543227180E-002  0.1909135417223434E+002 -0.1201432609897631E+000
                       55                        2                        0                       55 -0.9999029544424505E+000  0.8953437122736208E-001 -0.4110382049035458E-003  0.1304369842440058E+001 -0.5988156628758835E-002  0.9999901009503529E+000  0.5041327955635126E+000  0.1142458350979053E-016  0.6288554611262830E+002  0.5774060275711728E+000  0.4008201815539537E-002  0.9652418296136672E+001 -0.1742989724529814E+000
                       56                        2                        0                       56 -0.9999994356415702E+000  0.8867877969170984E-001 -0.1611749618080608E-002  0.1291905268430622E+001 -0.2348056468783410E-001  0.9999901009503529E+000  0.1087916595987716E+001  0.3860238217023833E-016  0.1382097671916342E+003  0.5025623565376747E+001  0.3931962983805419E-002  0.2087709400512400E+002 -0.2243958699879272E+000
                       57                        2                        0                       54 -0.9999995437070128E+000  0.9168495633506978E-001 -0.1745340684268384E-002  0.1335700361877909E+001 -0.2542676876081805E-001  0.9999901009503529E+000  0.1253310785949099E+001  0.1094459304387894E-015  0.1489372788644501E+003  0.5672474405721572E+001  0.4203065609081841E-002  0.2370411855339275E+002 -0.3603479847686413E+000
                       58                        2                        0                       52 -0.9997286527764676E+000  0.9502847827962065E-001 -0.3230739673597809E-003  0.1384410026470672E+001 -0.4706661074677631E-002  0.9999901009503529E+000  0.5309492308480749E+000  0.4381425733335929E-017  0.5879539503114512E+002  0.3997844956333164E+000  0.4515205842070159E-002  0.9911348504352834E+001 -0.2621577444443031E+000
                       59                        2                        0                       53 -0.9999990466411698E+000  0.9476805709879085E-001 -0.1714969886084327E-002  0.1380616114367973E+001 -0.2498431573748111E-001  0.9999901009503529E+000  0.1359620718837153E+001 -0.2872233065917729E-017  0.1512446711501325E+003  0.5475783318728014E+001  0.4490492323139843E-002  0.2536380781218841E+002 -0.5087527961146828E+000
                       60                        2                        0                       51 -0.9999990979316342E+000  0.9812826683475728E-001 -0.1816361113949072E-002  0.1429568892879569E+001 -0.2646142065374734E-001  0.9999901009503529E+000  0.1547583865772042E+001  0.5630088627712942E-016  0.1605581908637093E+003  0.5945913015109706E+001  0.4814578375996660E-002  0.2846208385493029E+002 -0.6905290496321574E+000
                       61                        2                        0                       50 -0.9998765729628892E+000  0.1002004704496487E+000 -0.4717199487422294E-003  0.1459757521733575E+001 -0.6872190721642069E-002  0.9999901009503529E+000  0.7722959462752774E+000 -0.4231339100708208E-016  0.7691804874802547E+002  0.7242331865733801E+000  0.5020067139165456E-002  0.1410654968336188E+002 -0.4532708496233836E+000
                       62                        2                        0                       49 -0.9999989227587447E+000  0.1019542462756230E+000 -0.1885033319941190E-002  0.1485307176759267E+001 -0.2746186275527824E-001  0.9999901009503529E+000  0.1753644168174781E+001  0.7124059605227287E-016  0.1685382086924074E+003  0.6234328145470006E+001  0.5197334166815195E-002  0.3176859093800189E+002 -0.9112536535436208E+000
                       63                        2                        0                       47 -0.9997917986507519E+000  0.1068018099849786E+000 -0.5537534302614798E-003  0.1555928278187831E+001 -0.8067284827930647E-002  0.9999901009503529E+000  0.1014603154780897E+001  0.9566883714532624E-017  0.8894403144087912E+002  0.9223479173298157E+000  0.5703313308033720E-002  0.1807845864840085E+002 -0.6954150603601853E+000
                       64                        2                        0                       47 -0.9999977525415964E+000  0.1056718759347898E+000 -0.1888839888587112E-002  0.1539466980936190E+001 -0.2751731825551636E-001  0.9999901009503529E+000  0.1931695887273765E+001  0.1844964901481377E-016  0.1728289725915423E+003  0.6180450252926243E+001  0.5583272681788793E-002  0.3451947329774173E+002 -0.1128402815971518E+001
                       65                        2                        0                       44 -0.9998862692702915E+000  0.1122259865990021E+000 -0.7683896357882342E-003  0.1634949689724127E+001 -0.1119418447269306E-001  0.9999901009503529E+000  0.1389253438606784E+001  0.9522559162321254E-017  0.1102926061105120E+003  0.1510373311018644E+001  0.6297336034059704E-002  0.2430032537579398E+002 -0.1025796411401737E+001
                       66                        2                        0                       45 -0.9999974389118290E+000  0.1099984332346750E+000 -0.2062888256922384E-002  0.1602497868250161E+001 -0.3005291927298403E-001  0.9999901009503529E+000  0.2254204293349081E+001 -0.8763041608042336E-016  0.1861122407576922E+003  0.6983065629041744E+001  0.6049827657041622E-002  0.3968315713292738E+002 -0.1436172154169423E+001
                       67                        2                        0                       42 -0.9999629333972777E+000  0.1184937014105078E+000 -0.1004192809616650E-002  0.1726260077780379E+001 -0.1462945234219524E-001  0.9999901009503529E+000  0.1851541585143704E+001 -0.3912700250696168E-016  0.1318445660040875E+003  0.2234832344030769E+001  0.7020378636981302E-002  0.3176148747607819E+002 -0.1452461547781865E+001
                       68                        2                        0                       43 -0.9999983653750180E+000  0.1149039847697583E+000 -0.2319317572128234E-002  0.1673963757775979E+001 -0.3378867640051997E-001  0.9999901009503529E+000  0.2688200242386657E+001 -0.9130517205151059E-016  0.2033637313199678E+003  0.8213065285403392E+001  0.6601462857984431E-002  0.4658067306343753E+002 -0.1834231284053211E+001
                       71                        2                        0                       41 -0.9999987823583339E+000  0.1203358035665733E+000 -0.2343227291721442E-002  0.1753096503458336E+001 -0.3413700204073006E-001  0.9999901009503529E+000  0.3032046422102309E+001 -0.1522131070603402E-016  0.2091534280103029E+003  0.8148529496835092E+001  0.7240352810006431E-002  0.5170195289575961E+002 -0.2223386990073279E+001
                       72                        2                        0                       40 -0.9999993123403126E+000  0.1253046886580787E+000 -0.2672458956084841E-002  0.1825485059663764E+001 -0.3893337072333859E-001  0.9999901009503529E+000  0.3590457800948391E+001 -0.1227159895630818E-015  0.2283681073532640E+003  0.9745567343270887E+001  0.7850632499849011E-002  0.6038448637715607E+002 -0.2711228054389983E+001
                       73                        2                        0                       39 -0.9999662216203345E+000  0.1286442527188998E+000 -0.8334149659785257E-003  0.1874137064342170E+001 -0.1214149753841550E-001  0.9999901009503529E+000  0.2070166173649648E+001 -0.1027142048657695E-015  0.1250784807819738E+003  0.1620706403886389E+001  0.8274671878802084E-002  0.3453309035245127E+002 -0.1767986026041726E+001
                       74                        2                        0                       43 -0.9999999999994925E+000  0.1161201293675483E+000 -0.1122701305813334E-001  0.1691681002177858E+001 -0.1635592795589382E+000  0.9999901009503529E+000  0.6781108485464632E+001  0.3329937734004362E-015  0.4890327697892481E+003  0.9545605375856726E+002  0.6741942222168072E-002  0.1162186905279192E+003 -0.1724058729423020E+001
                       75                        2                        0                       38 -0.9999994033652986E+000  0.1315372788069397E+000 -0.2827831764094276E-002  0.1916283738640569E+001 -0.4119689926913130E-001  0.9999901009503529E+000  0.4149498081048538E+001  0.1343841097490592E-018  0.2395017112238210E+003  0.1030255174486523E+002  0.8651027857967276E-002  0.6867858171021336E+002 -0.3249925895984878E+001
                       76                        2                        0                       36 -0.9999995049692937E+000  0.1376808704927700E+000 -0.3050111431987742E-002  0.2005785855083797E+001 -0.4443515170127910E-001  0.9999901009503529E+000  0.4796730154136736E+001  0.1551844212797692E-015  0.2526804288306185E+003  0.1120102144309593E+002  0.9478011049823444E-002  0.7823406592325087E+002 -0.3825048770877504E+001
                       78                        2                        0                       36 -0.9999697690730238E+000  0.1397605362332490E+000 -0.8278987205955567E-003  0.2036083194943906E+001 -0.1206113483499323E-001  0.9999901009503529E+000  0.2524344122953140E+001  0.1770356863280475E-015  0.1292250295614240E+003  0.1531041138257123E+001  0.9766503744102654E-002  0.4098772893867859E+002 -0.2233583924785969E+001
                       79                        2                        0                       35 -0.9999996894052895E+000  0.1453291430490992E+000 -0.3736788126770261E-002  0.2117208719091010E+001 -0.5443891182046572E-001  0.9999901009503529E+000  0.6018067945026194E+001  0.1860475316835838E-016  0.2843827767889393E+003  0.1463412597509142E+002  0.1056027990969277E-001  0.9649959182226908E+002 -0.4748232845471230E+001
                       80                        2                        0                       33 -0.9999993395698249E+000  0.1539211693945245E+000 -0.3183547496669440E-002  0.2242380537430628E+001 -0.4637909765498115E-001  0.9999901009503529E+000  0.6278409639948954E+001 -0.7213146300645399E-016  0.2646723433391735E+003  0.1095310843750660E+002  0.1184586319388894E-001  0.9891693149628522E+002 -0.5084770946499872E+001
                       82                        2                        0                       33 -0.9999908662794688E+000  0.1537609498431127E+000 -0.1472122026163393E-002  0.2240046399733942E+001 -0.2144641827486768E-001  0.9999901009503529E+000  0.4222221933940594E+001 -0.1996780268905213E-015  0.1785428506802867E+003  0.3419088425320115E+001  0.1182121484832809E-001  0.6653654940183749E+002 -0.3646861003496854E+001
                       83                        2                        0                       31 -0.9999994188207449E+000  0.1630281554302308E+000 -0.3669055765724697E-002  0.2375054479042760E+001 -0.5345216172780302E-001  0.9999901009503529E+000  0.7628922915787289E+001  0.3725410063551556E-016  0.2866098307371576E+003  0.1290720279556785E+002  0.1328908973149176E-001  0.1181258017509367E+003 -0.5977007025881726E+001
                       84                        2                        0                       34 -0.9999999999971043E+000  0.1481990408890663E+000 -0.1603763248953514E-001  0.2159018452515407E+001 -0.2336421630790833E+000  0.9999901009503529E+000  0.1340873756137750E+002 -0.3957274536462166E-015  0.5894964287163218E+003  0.1290987437008187E+003  0.1098147786021959E-001  0.2132613566535634E+003 -0.5422520045211758E+001
                       85                        2                        0                       30 -0.9999783156083948E+000  0.1672559071261964E+000 -0.1043536783215664E-002  0.2436645929766625E+001 -0.1520262990451924E-001  0.9999901009503529E+000  0.4260399685314406E+001  0.3892931636084384E-016  0.1522823825903943E+003  0.1900285019622562E+001  0.1398726923430336E-001  0.6542969226614535E+002 -0.3607000195406787E+001
                       86                        2                        0                       29 -0.9999994125171959E+000  0.1736751759227802E+000 -0.3983107249636967E-002  0.2530164212343468E+001 -0.5802737992583429E-001  0.9999901009503529E+000  0.9066423412637262E+001  0.1374823679901380E-016  0.3001153387851627E+003  0.1377303002109833E+002  0.1508153336590431E-001  0.1377525653591415E+003 -0.6763406225003157E+001
                       87                        2                        0                       28 -0.9999992379304964E+000  0.1839969345201880E+000 -0.3969522949046031E-002  0.2680535410028170E+001 -0.5782947880944110E-001  0.9999901009503529E+000  0.1017575297174667E+002  0.2785028245382653E-015  0.3001593786504019E+003  0.1295715635793438E+002  0.1692743595641319E-001  0.1519508726300859E+003 -0.7171180411143202E+001
                       88                        2                        0                       27 -0.9999882587112232E+000  0.1882779313556484E+000 -0.1539421690541060E-002  0.2742902555641734E+001 -0.2242686468240037E-001  0.9999901009503529E+000  0.6636505396148165E+001  0.2798265227334976E-015  0.1871829857643953E+003  0.3061098338064979E+001  0.1772428971778113E-001  0.9833038282082913E+002 -0.4925462737236754E+001
                       89                        2                        0                       22 -0.9999594546788365E+000  0.2311386052166580E+000 -0.5365385456548862E-002  0.3367312708352728E+001 -0.7816492020496892E-001  0.9999901009503529E+000  0.1843620903110495E+002  0.1396177821405325E-015  0.3445382510012412E+003  0.1600411274251518E+002  0.2671252741075105E-001  0.2564354807283826E+003 -0.6614882703219115E+001
                       90                        2                        0                       26 -0.9999995646184012E+000  0.1977365043489995E+000 -0.5662200424239321E-002  0.2880698546119131E+001 -0.8248903045819350E-001  0.9999901009503529E+000  0.1399920216334143E+002 -0.4677222150051166E-016  0.3571693894166031E+003  0.2047187891050397E+002  0.1954986257608092E-001  0.2046613337480145E+003 -0.8305907681307238E+001
                       91                        2                        0                       21 -0.9998294248917965E+000  0.2420974418616890E+000 -0.1238459431453690E-002  0.3526965094716244E+001 -0.1804233515385406E-001  0.9999901009503529E+000  0.9767021572579287E+001  0.3204821095691769E-016  0.1666327635281715E+003  0.1704929899358945E+001  0.2930558567798698E-001  0.1333387493083868E+003 -0.3367961611376386E+001
                       92                        2                        0                       24 -0.9999822698800704E+000  0.2114454780550386E+000 -0.2236004041780029E-002  0.3080415946574794E+001 -0.3257493406934914E-001  0.9999901009503529E+000  0.1007814956475464E+002  0.3118969027728377E-016  0.2253466351475773E+003  0.4766526169869200E+001  0.2235459509496194E-001  0.1440678567433372E+003 -0.5833129783889737E+001
                       93                        2                        0                       24 -0.9999932635279961E+000  0.2150654317685614E+000 -0.5172542780398129E-002  0.3133152771441276E+001 -0.7535551675846791E-001  0.9999901009503529E+000  0.1576577378807332E+002 -0.4787725580920525E-015  0.3402775159900725E+003  0.1637750118691779E+002  0.2312656997089890E-001  0.2244928857935866E+003 -0.7721612797421839E+001
                       94                        2                        0                       25 -0.9999999987105962E+000  0.2055876846053530E+000 -0.1682275196625678E-001  0.2995077444564097E+001 -0.2450800740635417E+000  0.9999901009503529E+000  0.2553585326754886E+002 -0.3656018085990573E-015  0.5921814827521973E+003  0.9756686776421485E+002  0.2113314803069503E-001  0.3706075078007303E+003 -0.7858615410564414E+001
                       95                        2                        0                       20 -0.9999056425642090E+000  0.2511769676362680E+000 -0.5193093936672263E-002  0.3659238985085608E+001 -0.7565491360577677E-001  0.9999901009503529E+000  0.2127176567760272E+002  0.3278030111685609E-015  0.3367440003745348E+003  0.1393047150422253E+002  0.3154493453547533E-001  0.2873558326082803E+003 -0.3839247528991627E+001
                       97                        2                        0                       18 -0.9998773977469408E+000  0.2768531645887716E+000 -0.2262319170996094E-002  0.4033299320957627E+001 -0.3295830260680371E-001  0.9999901009503529E+000  0.1704168692171796E+002 -0.4052685882423179E-015  0.2223001292754954E+003  0.3633418540265363E+001  0.3832383737140894E-001  0.2211004829278442E+003  0.4409402856455335E+000
                       98                        2                        0                       19 -0.9999234809688933E+000  0.2711272814860248E+000 -0.5663108534837123E-002  0.3949882537680128E+001 -0.8250226014932928E-001  0.9999901009503529E+000  0.2567893300407582E+002  0.8695476077789586E-016  0.3488792703088015E+003  0.1458077855550433E+002  0.3675500138300100E-001  0.3369829322556520E+003  0.8004213364926561E+000
                       99                        2                        0                       16 -0.9999213531800906E+000  0.3134499999156330E+000 -0.9026033702273643E-002  0.4566455556654905E+001 -0.1314945980711301E+000  0.9999901009503529E+000  0.4253126761065585E+002 -0.2418722390582442E-014  0.4318221220407497E+003  0.2488985988197922E+002  0.4912545122355535E-001  0.5242119093549120E+003  0.2470087541277039E+002
                      100                        2                        0                       17 -0.9999798310388925E+000  0.2939640886112195E+000 -0.1105271877823635E-001  0.4282577592142307E+001 -0.1610200960108667E+000  0.9999901009503529E+000  0.4134009158548169E+002  0.2775825124091087E-015  0.4763812073943205E+003  0.3587356278276187E+002  0.4320744269651246E-001  0.5265340592238658E+003  0.1612731355745376E+002
                      101                        2                        0                       14 -0.9925698747992943E+000  0.3441440839285861E+000 -0.8433513894053363E-002  0.5013618327543749E+001 -0.1228625503078381E+000  0.9999901009503529E+000  0.4946432047853760E+002  0.3915281855699745E-014  0.4169098906693579E+003  0.2044533042613511E+002  0.5921757525152290E-001  0.5779277096990052E+003  0.4681848432218668E+002
                      102                        2                        0                       13 -0.9700592317132172E+000  0.3698873114113514E+000 -0.6451550403631569E-002  0.5388655188977935E+001 -0.9398857297059214E-001  0.9999901009503529E+000  0.5014412173581468E+002 -0.7430267367420935E-015  0.3661822097918518E+003  0.1277726772360252E+002  0.6840831157155905E-001  0.5566364855809690E+003  0.6130233355173406E+002
                      103                        2                        0                       12 -0.9334124234974090E+000  0.3893278260900846E+000 -0.8869116652926296E-003  0.5671871798653565E+001 -0.1292085724462491E-001  0.9999901009503529E+000  0.2080531129561078E+002 -0.1176150844846450E-014  0.1372612575869555E+003  0.6250881659431234E+000  0.7578807808401575E-001  0.2204683637810164E+003  0.2768838318656463E+002
                      104                        2                        0                       11 -0.9035171380374249E+000  0.4100975532886592E+000 -0.8097762158978132E-003  0.5974452868047934E+001 -0.1179711948230607E-001  0.9999901009503529E+000  0.2202401591448000E+002  0.6370621706863026E-015  0.1309563468301293E+003  0.5168745636575814E+000  0.8409000160667231E-001  0.2227898771814531E+003  0.3450875368154556E+002
                      105                        2                        0                       10 -0.8043805208802621E+000  0.4611770255905629E+000 -0.1010277812413754E-003  0.6718597516913175E+001 -0.1471810091403308E-002  0.9999901009503529E+000  0.9742692065901164E+001  0.3939940484289965E-017  0.4580843897936205E+002  0.2006258751399501E-001  0.1063421244662791E+000  0.8650257405505367E+002  0.2012833281611847E+002
                      106                        2                        0                        9 -0.7028794032603630E+000  0.5089215732991313E+000 -0.8400641506864613E-005  0.7414157750578672E+001 -0.1223836532104415E-003  0.9999901009503529E+000  0.3227949647946483E+001 -0.3395514599082749E-016  0.1246270042448569E+002  0.4832273357319016E-003  0.1295005838846311E+000  0.2483999174366740E+002  0.7828846021664840E+001
                      107                        2                        0                        8 -0.5872030251662806E+000  0.5496767914015378E+000 -0.1089675716416554E-004  0.8007894844904749E+001 -0.1587479895205486E-003  0.9999901009503529E+000  0.4319636836160932E+001 -0.1339009348174374E-015  0.1429557139071297E+002  0.7656627151523623E-003  0.1510722875027447E+000  0.2890699429005597E+002  0.1134581350481281E+002
                      108                        2                        0                        7 -0.3886153698049428E+000  0.6545372640772237E+000 -0.3121212945104300E-005  0.9535541002991296E+001 -0.4547098484769820E-004  0.9999901009503529E+000  0.3033877378316571E+001 -0.3609197149108061E-016  0.7079848803410332E+001  0.3678239082763723E-003  0.2142095150328487E+000  0.1306117334644707E+002  0.8221734857463264E+001
                      109                        2                        0                        6 -0.4147941515012118E+000  0.7481483975916527E+000 -0.7471720521698863E-006  0.1089930262658927E+002 -0.1088507886529516E-004  0.9999901009503529E+000  0.1453936135113801E+001 -0.2715728448640034E-016  0.2596224418106763E+001  0.1957955462789197E-003  0.2798630124094777E+000  0.3714617211365207E+001  0.3482558016196545E+001
                      110                        2                        0                        5 -0.2955791710936400E+000  0.8433950082403167E+000 -0.9109261590731186E-006  0.1228689048610819E+002 -0.1327070927395553E-004  0.9999901009503529E+000  0.2375911329968017E+001  0.1538507160485379E-016  0.3336965310255319E+001  0.3384923455029076E-003  0.3556575699623423E+000  0.2783449665174460E+001  0.4473952498995348E+001
                      111                        2                        0                        4 -0.3373046624702953E+000  0.1090756594236151E+001 -0.4306680586344845E-006  0.1589054557999134E+002 -0.6274131599791200E-005  0.9999901009503529E+000  0.2442921967591872E+001  0.1499687616516383E-017  0.2048597977584694E+001  0.1212625880195870E-003  0.5948749739348241E+000 -0.2492014210137739E+001  0.1009563687343159E+001
                      112                        2                        0                        1  0.2225723648559061E-001  0.3247106257384196E+001  0.5004196453320269E-005  0.4730504519404039E+002  0.7290298518745482E-004  0.9999901009503529E+000  0.8852842373106479E+002  0.2263407620929487E-015  0.8386967528901845E+001 -0.1832923934056224E-002  0.5271849523371783E+001 -0.4774642874923077E+003 -0.3501113264577194E+003
                      113                        3                        0                       98 -0.9983049252828476E+000  0.7078863262667189E-001 -0.5975378424360211E-003  0.1031274987695244E+001 -0.8705152342121483E-002  0.9999901009503529E+000  0.6596332403582926E-001  0.3658573430012696E-017  0.1316120185484457E+002  0.2222073279189067E+000  0.2505515254576954E-002  0.1762291724015994E+001  0.2613760091841021E+000
                      114                        3                        0                       95 -0.9943298442035993E+000  0.7317137565715613E-001 -0.5427169730442250E-003  0.1065987669636747E+001 -0.7906501636355969E-002  0.9999901009503529E+000  0.1324838947867284E+000  0.7467675564045093E-017  0.2474126323718488E+002  0.3670354433203556E+000  0.2677025107780327E-002  0.3460149246041085E+001  0.4748252088117220E+000
                      115                        3                        0                       91 -0.9787438234735406E+000  0.7519314247457494E-001 -0.4356126420103782E-003  0.1095441516566552E+001 -0.6346166119613407E-002  0.9999901009503529E+000  0.2605309509334001E+000 -0.7140688368534576E-017  0.4607570858394507E+002  0.5338741212625513E+000  0.2827004337600862E-002  0.6684401968194851E+001  0.8549173855565090E+000
                      116                        3                        0                       98 -0.9970167235371861E+000  0.7109884131149811E-001 -0.1054238222807803E-002  0.1035794222574582E+001 -0.1535853243539460E-001  0.9999901009503529E+000  0.1191638339972427E+000 -0.6692914779637403E-018  0.2355840461916845E+002  0.6987916330880537E+000  0.2527522617918797E-002  0.3164999472813136E+001  0.4804600236679348E+000
                      117                        3                        0                       90  0.9527370864073186E-001  0.7739039650867559E-001  0.7630007841596732E-003  0.1127451926188827E+001  0.1111567768861313E-001  0.9999901009503529E+000  0.8816599817867573E+001 -0.3205970554939355E-015  0.1471679494955345E+004 -0.2902173134193951E+002  0.2994636735885019E-002  0.2231815239033058E+003  0.2427318857488378E+002
                      118                        3                        0                       86 -0.9778458277286796E+000  0.8052537725417661E-001 -0.3182450455387367E-003  0.1173123485445973E+001 -0.4636311555174379E-002  0.9999901009503529E+000  0.3071174326988874E+000  0.7232228717487594E-017  0.4736215806624653E+002  0.3743667415045474E+000  0.3242168190963739E-002  0.7544357189940395E+001  0.8105862015502450E+000
                      119                        3                        0                       88 -0.8872547620915915E+000  0.7776406458032610E-001 -0.2763769742037643E-003  0.1132895660891625E+001 -0.4026362003266680E-002  0.9999901009503529E+000  0.5838587626415007E+000 -0.3197814241367257E-017  0.9654867921259255E+002  0.6862858330719033E+000  0.3023624870026560E-002  0.1466523696857630E+002  0.1711567717663395E+001
                      120                        3                        0                       93 -0.9870042492351011E+000  0.7369188074933795E-001 -0.1434035676264027E-002  0.1073570580375622E+001 -0.2089156223984623E-001  0.9999901009503529E+000  0.3416060751996384E+000 -0.2732941596697191E-016  0.6283561179355382E+002  0.2446474375819399E+001  0.2715246644187329E-002  0.8834955064498244E+001  0.1270848825094005E+001
                      121                        3                        0                       88 -0.9403115824841113E+000  0.7831165616969249E-001 -0.1776349830954444E-002  0.1140873177741881E+001 -0.2587852148128318E-001  0.9999901009503529E+000  0.1115956208553231E+001  0.2956296735138795E-017  0.1816924688190635E+003  0.8246934521192633E+001  0.3066357746020064E-002  0.2770742810164589E+002  0.3537268498210137E+001
                      122                        3                        0                       91 -0.9703262444428978E+000  0.7519997881253854E-001 -0.1575328484417055E-002  0.1095541110867045E+001 -0.2294996813896709E-001  0.9999901009503529E+000  0.5995127129028961E+000  0.4237579740936824E-018  0.1058776127570403E+003  0.4437906897387925E+001  0.2827518406703117E-002  0.1528841025057086E+002  0.2119352023140620E+001
                      123                        3                        0                       86 -0.9606596290626208E+000  0.7996255342333292E-001 -0.1815867547366469E-002  0.1164924059666851E+001 -0.2645423019318165E-001  0.9999901009503529E+000  0.1003565147458843E+001  0.6332069830277314E-017  0.1567159944656066E+003  0.7121391755300590E+001  0.3197004974989686E-002  0.2459552836266071E+002  0.2992283982671419E+001
                      124                        3                        0                       83 -0.9883614091603549E+000  0.8342892632340371E-001 -0.5743136185503942E-003  0.1215423462427185E+001 -0.8366813256972135E-002  0.9999901009503529E+000  0.3488602971031229E+000  0.2197035225756671E-016  0.5011519146394073E+002  0.6900052867249847E+000  0.3480192873737957E-002  0.8378434517886197E+001  0.8381198078804426E+000
                      125                        3                        0                       79 -0.9943011400944575E+000  0.8794518235079266E-001 -0.4181960499576264E-002  0.1281217950980694E+001 -0.6092434763484242E-001  0.9999901009503529E+000  0.1287361593050124E+001  0.7687510723654575E-017  0.1653272278014102E+003  0.1575888012361119E+002  0.3867177549357087E-002  0.2959094698410975E+002  0.3269491545264887E+001
                      126                        3                        0                       83 -0.9842859029460315E+000  0.8355020789527343E-001 -0.1835124145687753E-002  0.1217190337233162E+001 -0.2673476744132383E-001  0.9999901009503529E+000  0.7839562419257303E+000  0.5719673255059510E-017  0.1121453183711075E+003  0.4928770733719568E+001  0.3490318619671703E-002  0.1871740339447271E+002  0.2041263882333126E+001
                      127                        3                        0                       81 -0.9890912358798618E+000  0.8542185952385266E-001 -0.1783798115155169E-002  0.1244457250558248E+001 -0.2598703084094214E-001  0.9999901009503529E+000  0.7216545589534183E+000 -0.3043764899800966E-016  0.9877251478920299E+002  0.4126978074495493E+001  0.3648447042256398E-002  0.1701515601870392E+002  0.1744938227093769E+001
                      128                        3                        0                       85 -0.9758395308127770E+000  0.8170979956116854E-001 -0.1843776399175867E-002  0.1190378587780141E+001 -0.2686081667095860E-001  0.9999901009503529E+000  0.8745982581311943E+000 -0.1386717056332971E-016  0.1308006413415018E+003  0.5906023553611090E+001  0.3338245672163181E-002  0.2115580310950649E+002  0.2443493167659880E+001
                      129                        3                        0                       81 -0.9913341900584601E+000  0.8624876076332941E-001 -0.1155318854935160E-002  0.1256503853719293E+001 -0.1683111247805657E-001  0.9999901009503529E+000  0.5200467700042269E+000  0.8061716874921884E-017  0.6987403171690319E+002  0.1872288009181584E+001  0.3719424366605014E-002  0.1222325262251571E+002  0.1168361185523587E+001
                      130                        3                        0                       79 -0.9925014465596190E+000  0.8757275366506773E-001 -0.1494452741970270E-002  0.1275792272110558E+001 -0.2177174040378087E-001  0.9999901009503529E+000  0.6154985252321336E+000  0.6947366821218511E-016  0.8019042038979717E+002  0.2737738996449116E+001  0.3834493592241317E-002  0.1432531574191027E+002  0.1346077333197179E+001
                      131                        3                        0                       74 -0.9967091819653962E+000  0.9371526434669623E-001 -0.1940812309468029E-002  0.1365278640084667E+001 -0.2827447170961860E-001  0.9999901009503529E+000  0.7680154977655402E+000 -0.4787487249629193E-016  0.8733804228204555E+002  0.3619035189873203E+001  0.4391275385785579E-002  0.1720809607219538E+002  0.1374471262893588E+001
                      132                        3                        0                       78 -0.9936156456945147E+000  0.8881300752421564E-001 -0.1721468198984702E-002  0.1293860749150893E+001 -0.2507898556380361E-001  0.9999901009503529E+000  0.6781096276876817E+000  0.2626404222678257E-017  0.8587567942510229E+002  0.3330317862347942E+001  0.3943875152748191E-002  0.1564756009091685E+002  0.1437175760601032E+001
                      133                        3                        0                       77 -0.9949399548245359E+000  0.9017815784879182E-001 -0.1081734850057839E-002  0.1313748764103862E+001 -0.1575911347329216E-001  0.9999901009503529E+000  0.4918261612000653E+000 -0.2181448249557702E-016  0.6045529320980719E+002  0.1450594493863292E+001  0.4066050076500798E-002  0.1127841517549757E+002  0.9466909608615451E+000
                      134                        3                        0                       72 -0.9975277030167139E+000  0.9614269180793124E-001 -0.2107253177979911E-002  0.1400642301343932E+001 -0.3069924385533602E-001  0.9999901009503529E+000  0.8458194611993685E+000 -0.1366597383827587E-016  0.9137600299942893E+002  0.4007477952287744E+001  0.4621708594037416E-002  0.1869505573733651E+002  0.1397934440973996E+001
                      135                        3                        0                       76 -0.9954654242346956E+000  0.9129159481896729E-001 -0.1897778394072620E-002  0.1329969725790930E+001 -0.2764753771014540E-001  0.9999901009503529E+000  0.7349557609979417E+000 -0.5462439699394099E-016  0.8807436306095499E+002  0.3663378465137275E+001  0.4167077642295231E-002  0.1669856368041283E+002  0.1436267726280026E+001
                      136                        3                        0                       75 -0.9963169855500039E+000  0.9296985634464099E-001 -0.1036752635208614E-002  0.1354419260554035E+001 -0.1510379592662068E-001  0.9999901009503529E+000  0.4945831495739570E+000 -0.2331873259576501E-016  0.5720129630193011E+002  0.1275917409049447E+001  0.4321697094371583E-002  0.1115810260742155E+002  0.8530136635887484E+000
                      137                        3                        0                       73 -0.9972575842558816E+000  0.9569248858665820E-001 -0.5304066872307654E-003  0.1394083574267973E+001 -0.7727160838550857E-002  0.9999901009503529E+000  0.3391821359004667E+000 -0.9891790830846959E-017  0.3703822227748877E+002  0.4106048344661122E+000  0.4578526185953862E-002  0.7547293188542101E+001  0.5062050878302204E+000
                      138                        3                        0                       70 -0.9978605783316495E+000  0.9991023787123872E-001 -0.4136380533691766E-003  0.1455529306162482E+001 -0.6026032182995670E-002  0.9999901009503529E+000  0.3249095652525835E+000 -0.1615197656820453E-016  0.3254865653235687E+002  0.2695131639947545E+000  0.4991027815743738E-002  0.7074103612810703E+001  0.4063821831920866E+000
                      139                        3                        0                       71 -0.9981115918670052E+000  0.9858782198350093E-001 -0.2313055659776189E-002  0.1436263862294578E+001 -0.3369745054483970E-001  0.9999901009503529E+000  0.9445300562679636E+000 -0.3994082067198980E-016  0.9702083480039127E+002  0.4555088691362688E+001  0.4859779321725238E-002  0.2060462186907889E+002  0.1444733354799661E+001
                      140                        3                        0                       69 -0.9985900249077776E+000  0.1010256183847386E+000 -0.2520965991920942E-002  0.1471778582107695E+001 -0.3672636517799944E-001  0.9999901009503529E+000  0.1053122095356862E+001  0.1693387829615497E-017  0.1029952912434577E+003  0.5143435377408515E+001  0.5103087785009411E-002  0.2268941455506356E+002  0.1491288535065864E+001
                      141                        3                        0                       67 -0.9981983963501158E+000  0.1036861686520033E+000 -0.4330414651651686E-003  0.1510538462646795E+001 -0.6308708264149664E-002  0.9999901009503529E+000  0.3719951539066603E+000 -0.6974276319784897E-018  0.3460077168097551E+002  0.2890224726670119E+000  0.5375410784865834E-002  0.7952351215129982E+001  0.3997366986542305E+000
                      142                        3                        0                       67 -0.9988595844063176E+000  0.1034529989153739E+000 -0.2469738804443470E-002  0.1507141559664622E+001 -0.3598006855981066E-001  0.9999901009503529E+000  0.1094904337935598E+001 -0.8235680001962431E-017  0.1021316670717726E+003  0.4879169664508745E+001  0.5351261492292170E-002  0.2332701442388648E+002  0.1408149420877681E+001
                      143                        3                        0                       66 -0.9990933131234280E+000  0.1061732723002244E+000 -0.2389726306551357E-002  0.1546771508674718E+001 -0.3481441689064615E-001  0.9999901009503529E+000  0.1139636683398969E+001 -0.8634030146971553E-016  0.1009459533767054E+003  0.4546445439080660E+001  0.5636381875468779E-002  0.2399197683113570E+002  0.1310927942702020E+001
                      144                        3                        0                       64 -0.9986546976262348E+000  0.1086910875015027E+000 -0.8185366720630806E-003  0.1583451971969030E+001 -0.1192474504857018E-001  0.9999901009503529E+000  0.6251076479244564E+000  0.2158858850900811E-016  0.5290612321437850E+002  0.7969024790479576E+000  0.5906876251129648E-002  0.1305915441902550E+002  0.5648600240966081E+000
                      145                        3                        0                       64 -0.9992542685172595E+000  0.1090984433366686E+000 -0.2211935857278150E-002  0.1589386482473193E+001 -0.3222429985372693E-001  0.9999901009503529E+000  0.1161101577508061E+001 -0.5608836476880002E-016  0.9743398467132494E+002  0.3952511251494142E+001  0.5951235169242146E-002  0.2415110776648171E+002  0.1171828430196678E+001
                      146                        3                        0                       61 -0.9996008977074778E+000  0.1152783404257916E+000 -0.2076188325211168E-002  0.1679417509462432E+001 -0.3024667958805040E-001  0.9999901009503529E+000  0.1292817732944659E+001 -0.9364340775825672E-016  0.9719236964971084E+002  0.3502049959365458E+001  0.6644547885662344E-002  0.2625082738417126E+002  0.9952459659149191E+000
                      147                        3                        0                       63 -0.9994221774357365E+000  0.1119457110997381E+000 -0.2134000135307388E-002  0.1630866532565561E+001 -0.3108890342446839E-001  0.9999901009503529E+000  0.1214713826800658E+001 -0.3377087807274973E-016  0.9682745509808751E+002  0.3692951003183753E+001  0.6265921116813012E-002  0.2498058769347893E+002  0.1083471232731113E+001
                      148                        3                        0                       62 -0.9989932183736939E+000  0.1134009087242439E+000 -0.8974168431069883E-003  0.1652066389896057E+001 -0.1307390056131637E-001  0.9999901009503529E+000  0.7482379410762868E+000  0.1625446876716371E-016  0.5817520920435427E+002  0.9208172595865970E+000  0.6429883049742125E-002  0.1533230860397718E+002  0.5542485123320995E+000
                      149                        3                        0                       59 -0.9997603014002246E+000  0.1182152957883002E+000 -0.2094506492083081E-002  0.1722204161682513E+001 -0.3051354541967425E-001  0.9999901009503529E+000  0.1392696050211246E+001  0.5618850806493796E-018  0.9956642561502656E+002  0.3529291756833471E+001  0.6987428079157650E-002  0.2797589253780492E+002  0.9428165270581710E+000
                      150                        3                        0                       58 -0.9993124430767312E+000  0.1203170795344089E+000 -0.7465867472937383E-003  0.1752823724830985E+001 -0.1087655192733139E-001  0.9999901009503529E+000  0.8052531103560162E+000 -0.1053522029243512E-016  0.5562122920459414E+002  0.6903054047835385E+000  0.7238099813844627E-002  0.1608686177829819E+002  0.4192410641528836E+000
                      151                        3                        0                       58 -0.9999119301539042E+000  0.1218608939524767E+000 -0.2101420984148041E-002  0.1775314584393043E+001 -0.3061427829802800E-001  0.9999901009503529E+000  0.1517755864089448E+001 -0.1126737727681807E-016  0.1021171490503574E+003  0.3522952193315100E+001  0.7425038737448396E-002  0.3010387753862274E+002  0.8670476599653381E+000
                      152                        3                        0                       56 -0.9995150981878825E+000  0.1267420684921503E+000 -0.5582577541343772E-003  0.1846425340831690E+001 -0.8132905484443334E-002  0.9999901009503529E+000  0.8029469831198983E+000  0.1173716733210853E-018  0.4998422004212478E+002  0.4403376292953401E+000  0.8031775962834447E-002  0.1570311537549915E+002  0.2809782859497464E+000
                      153                        3                        0                       56 -0.9999998070544579E+000  0.1254442401818724E+000 -0.2223562835014426E-002  0.1827518097888168E+001 -0.3239368596668023E-001  0.9999901009503529E+000  0.1700330788722785E+001 -0.7827889602717812E-016  0.1079532039016974E+003  0.3828254613130809E+001  0.7868128697403620E-002  0.3332437395078426E+002  0.8246258257240050E+000
                      154                        3                        0                       54 -0.9999998839671381E+000  0.1297107634779031E+000 -0.2437389739907867E-002  0.1889674387624970E+001 -0.3550879542042337E-001  0.9999901009503529E+000  0.1966675578818588E+001 -0.1687096682630182E-016  0.1167706180992231E+003  0.4390013820493105E+001  0.8412441081010242E-002  0.3802709857008821E+002  0.7806196586992004E+000
                      155                        3                        0                       53 -0.9996996630299965E+000  0.1344688152025975E+000 -0.4416631892968632E-003  0.1958991445346872E+001 -0.6434312730826070E-002  0.9999901009503529E+000  0.8448837740138559E+000  0.3676453934581980E-016  0.4672536122565528E+002  0.3069420147642751E+000  0.9040931130995194E-002  0.1614275228645074E+002  0.1594385836981789E+000
                      156                        3                        0                       51 -0.9999997184578864E+000  0.1388647411135963E+000 -0.2530549339792089E-002  0.2023032920249813E+001 -0.3686597893505585E-001  0.9999901009503529E+000  0.2416855539589990E+001 -0.6991569762433383E-016  0.1252122961516066E+003  0.4565030568109397E+001  0.9641708162273081E-002  0.4552999097617145E+002  0.5345931278313955E+000
                      157                        3                        0                       50 -0.9999555655301827E+000  0.1417641758388511E+000 -0.6498859500852431E-003  0.2065272957945973E+001 -0.9467778940046190E-002  0.9999901009503529E+000  0.1218267919182350E+001  0.2036581227303100E-016  0.6061712550232001E+002  0.5557803709794124E+000  0.1004854077563434E-001  0.2281150133204575E+002  0.9922793597519823E-001
                      158                        3                        0                       49 -0.9999996344964023E+000  0.1442780726350940E+000 -0.2585145702632104E-002  0.2101896336466153E+001 -0.3766135894632093E-001  0.9999901009503529E+000  0.2708351416272908E+001 -0.8539626675503229E-017  0.1299867203412958E+003  0.4659642731001878E+001  0.1040808112164875E-001  0.5031004719643734E+002  0.3700219614621630E+000
                      159                        3                        0                       47 -0.9999990697613479E+000  0.1494768449078070E+000 -0.2526162882490267E-002  0.2177633974172019E+001 -0.3680207540235422E-001  0.9999901009503529E+000  0.2935013520207742E+001  0.5341145180870399E-017  0.1312511313401947E+003  0.4437556591034032E+001  0.1117166358179630E-001  0.5383867926502137E+002  0.1817037194660798E+000
                      160                        3                        0                       47 -0.9999278669318804E+000  0.1509926633107841E+000 -0.7592726423360102E-003  0.2199716977429372E+001 -0.1106136473933495E-001  0.9999901009503529E+000  0.1581494450664206E+001  0.4464050446311553E-017  0.6936428682986747E+002  0.6976160914787535E+000  0.1139939218684192E-001  0.2894053380152331E+002 -0.5159342559427964E-001
                      161                        3                        0                       46 -0.9999990111824997E+000  0.1554620816031710E+000 -0.2759806330857183E-002  0.2264829116532191E+001 -0.4020587959236312E-001  0.9999901009503529E+000  0.3410179352635673E+001  0.5345812265757554E-016  0.1409712583993502E+003  0.5006693315170526E+001  0.1208422940819551E-001  0.6169675884820903E+002  0.2311116849069413E-002
                      162                        3                        0                       45 -0.9999638103724984E+000  0.1586062140070463E+000 -0.1065095809703088E-002  0.2310634000534104E+001 -0.1551670977794742E-001  0.9999901009503529E+000  0.2161674086426225E+001 -0.5923894759041906E-016  0.8592191439993542E+002  0.1154039065809056E+001  0.1257796556082448E-001  0.3887742088364030E+002 -0.2110673300185636E+000
                      163                        3                        0                       44 -0.9999995203526603E+000  0.1622231942707591E+000 -0.3233503782262967E-002  0.2363327507083755E+001 -0.4710687930436639E-001  0.9999901009503529E+000  0.4137977401431723E+001  0.5869003028522759E-016  0.1570570702250673E+003  0.6263543466034696E+001  0.1315818237970424E-001  0.7377339710530134E+002 -0.2015112218824458E+000
                      164                        3                        0                       42 -0.9999899891719575E+000  0.1675612206292943E+000 -0.1473788138870676E-002  0.2441093849827619E+001 -0.2147069082115012E-001  0.9999901009503529E+000  0.2958126444118350E+001  0.2454152288449535E-015  0.1053372035468847E+003  0.1853131643123153E+001  0.1403838132938952E-001  0.5221489056382353E+002 -0.4573391063642041E+000
                      165                        3                        0                       42 -0.9999997808351440E+000  0.1699994313533288E+000 -0.3630853277895874E-002  0.2476614605648515E+001 -0.5289561375246110E-001  0.9999901009503529E+000  0.4940360692667943E+001 -0.2235968302535936E-016  0.1707191768049156E+003  0.7295776325903798E+001  0.1444990333022759E-001  0.8671544861173680E+002 -0.4848961525130864E+000
                      166                        3                        0                       39 -0.9999892741296172E+000  0.1819693460225470E+000 -0.1155189229992036E-002  0.2650996750707211E+001 -0.1682922405393162E-001  0.9999901009503529E+000  0.3205813441371880E+001  0.4096470077128502E-016  0.9680596966163935E+002  0.1229151000974700E+001  0.1655642144593669E-001  0.5509371278038966E+002 -0.7797211552453265E+000
                      167                        3                        0                       36 -0.9999899575083734E+000  0.1976877176558564E+000 -0.1116855645858365E-002  0.2879987803525242E+001 -0.1627076621912283E-001  0.9999901009503529E+000  0.3845398325260414E+001  0.8204875407342402E-016  0.9839052191630638E+002  0.1111773898050502E+001  0.1954021685599077E-001  0.6438613024082473E+002 -0.1104951820326645E+001
                      168                        3                        0                       37 -0.9999997275341905E+000  0.1946493299083630E+000 -0.3853016556993097E-002  0.2835723446796744E+001 -0.5613217058956828E-001  0.9999901009503529E+000  0.7002634089355875E+001  0.1368976894233620E-015  0.1846111894963140E+003  0.7311502772397567E+001  0.1894418081688736E-001  0.1177714597203938E+003 -0.1461756240567307E+001
                      169                        3                        0                       35 -0.9999997605659855E+000  0.2049838355589609E+000 -0.4728366556902339E-002  0.2986280348267971E+001 -0.6888459321575846E-001  0.9999901009503529E+000  0.8738364049112326E+001 -0.4350626004596137E-016  0.2076398071797973E+003  0.9584372374139644E+001  0.2100918642023156E-001  0.1446538215863758E+003 -0.1806374094839990E+001
                      170                        3                        0                       33 -0.9999962981987700E+000  0.2176276127926243E+000 -0.1880400277382839E-002  0.3170479572454633E+001 -0.2739436687733760E-001  0.9999901009503529E+000  0.6239989037615998E+001  0.4378893875313525E-015  0.1317259928886171E+003  0.2276516454265124E+001  0.2368088892490821E-001  0.1014505229380139E+003 -0.1732427481621235E+001
                      171                        3                        0                       33 -0.9999998809999705E+000  0.2162085757330692E+000 -0.5047074688030253E-002  0.3149806515611600E+001 -0.7352765117311015E-001  0.9999901009503529E+000  0.1014806885810757E+002  0.1985723167447258E-016  0.2167407558719053E+003  0.1012451657071998E+002  0.2337307411026108E-001  0.1653230236530464E+003 -0.2096595091006363E+001
                      172                        3                        0                       28 -0.9999994248840829E+000  0.2602589562661359E+000 -0.4910399567895112E-002  0.3791548755241933E+001 -0.7153651746130420E-001  0.9999901009503529E+000  0.1474610509139678E+002  0.2378313811708679E-015  0.2174778783621303E+003  0.8209363475264729E+001  0.3386736215836924E-001  0.2272563003339028E+003 -0.1738428550394749E+001
                      173                        3                        0                       31 -0.9999998600292114E+000  0.2307999537316126E+000 -0.5996275448125228E-002  0.3362379108237649E+001 -0.8735595899408130E-001  0.9999901009503529E+000  0.1271783406924076E+002  0.4202457089661877E-016  0.2382732670507137E+003  0.1238922629013450E+002  0.2663430932125728E-001  0.2032122991726862E+003 -0.2238667365788112E+001
                      174                        3                        0                       30 -0.9999934441318170E+000  0.2364706570468262E+000 -0.1530243214098441E-002  0.3444992011957121E+001 -0.2229314924209313E-001  0.9999901009503529E+000  0.6739806295742605E+001  0.3225829145385159E-015  0.1205178210500369E+003  0.1559843185690857E+001  0.2795918582207888E-001  0.1068556095806921E+003 -0.1728985104463375E+001
                      175                        3                        0                       29 -0.9999996912717085E+000  0.2460460594114089E+000 -0.5612877090858487E-002  0.3584490015934546E+001 -0.8177046989079752E-001  0.9999901009503529E+000  0.1404968881045549E+002  0.1381852978838067E-015  0.2317228336597298E+003  0.1057774854281964E+002  0.3026933167594129E-001  0.2202513101646136E+003 -0.2134317946947262E+001
                      176                        3                        0                       27 -0.9999950810946245E+000  0.2662750040893017E+000 -0.2014016523554420E-002  0.3879192765510209E+001 -0.2934093778164072E-001  0.9999901009503529E+000  0.9916343537421810E+001  0.2541988218519799E-016  0.1398392588370954E+003  0.2115497778110556E+001  0.3545118890137884E-001  0.1516364893607206E+003 -0.1436103180117152E+001
                      177                        3                        0                       26 -0.9999948970324720E+000  0.2789094252372953E+000 -0.6389999981749156E-002  0.4063255686779637E+001 -0.9309188365460856E-001  0.9999901009503529E+000  0.1930028680581993E+002  0.1745542308961594E-014  0.2477230516540068E+003  0.1135693356479912E+002  0.3889523374309921E-001  0.2913075120271433E+003 -0.1890611952477399E+000
                      179                        3                        0                       24 -0.9999886340515985E+000  0.2994896003775899E+000 -0.4014150995014273E-002  0.4363075291665981E+001 -0.5847963669283296E-001  0.9999901009503529E+000  0.1769241437088658E+002  0.1966525811934738E-015  0.1971525402894241E+003  0.5285930608201234E+001  0.4484701036716437E-001  0.2608005793575681E+003  0.1171635931695403E+001
                      180                        3                        0                       24 -0.9999928889578288E+000  0.2988353492508621E+000 -0.6848535688436875E-002  0.4353543919217750E+001 -0.9977200146061399E-001  0.9999901009503529E+000  0.2289204155432440E+002  0.5277640963219898E-015  0.2559464972358191E+003  0.1173741975153687E+002  0.4465128298094224E-001  0.3380863984022356E+003  0.2469981293054486E+001
                      181                        3                        0                       23 -0.9999982956920315E+000  0.3097191212497746E+000 -0.1830801215739299E-001  0.4512102736047153E+001 -0.2667178939860742E+000  0.9999901009503529E+000  0.3928561667258494E+002 -0.4576187180405193E-014  0.4052849578302432E+003  0.4808215224900681E+002  0.4796296703386626E-001  0.5763238011057881E+003  0.1391798547270972E+002
                      182                        3                        0                       21 -0.9981074743841021E+000  0.3412632079064767E+000 -0.1717470717438742E-002  0.4971648659900627E+001 -0.2502074877381131E-001  0.9999901009503529E+000  0.1505274008675186E+002  0.5701964313878985E-016  0.1292457998299054E+003  0.1300964335618960E+001  0.5823028853530958E-001  0.2117230080181544E+003  0.4957063131354845E+001
                      183                        3                        0                       20 -0.9999258236669533E+000  0.3552996702807451E+000 -0.7269065737184890E-002  0.5176137036426413E+001 -0.1058984387819176E+000  0.9999901009503529E+000  0.3313199583183872E+002  0.4764446630435078E-016  0.2621353161246935E+003  0.1073058794879924E+002  0.6311892785080306E-001  0.4603763641541424E+003  0.1759775682226513E+002
                      184                        3                        0                       19 -0.9944558316825823E+000  0.3826898749231525E+000 -0.5794442058592100E-002  0.5575167670406000E+001 -0.8441557550899560E-001  0.9999901009503529E+000  0.3441663185039953E+002  0.8855844783021798E-015  0.2348489860281584E+003  0.7113554671881372E+001  0.7322577018434925E-001  0.4632707137763884E+003  0.2597235168049415E+002
                      185                        3                        0                       18 -0.9892488709809252E+000  0.3896628496471825E+000 -0.3616383200163541E-002  0.5676752545772186E+001 -0.5268480830698710E-001  0.9999901009503529E+000  0.2833996028528838E+002 -0.9529492928328282E-016  0.1866044544776001E+003  0.3464025563791012E+001  0.7591856819758140E-001  0.3778101499721064E+003  0.2229819540138966E+002
                      186                        3                        0                       17 -0.9908071423155426E+000  0.4171926564795292E+000 -0.1197041134797295E-001  0.6077816956099327E+001 -0.1743893808585380E+000  0.9999901009503529E+000  0.5811789206451284E+002 -0.1822384923407828E-014  0.3331019248791490E+003  0.1913099642085740E+002  0.8702485631022311E-001  0.7543776072148182E+003  0.6929978525866254E+002
                      187                        3                        0                       14 -0.9307073756029054E+000  0.4879435469941328E+000 -0.1076319487998345E-001  0.7108542102743620E+001 -0.1568022047544711E+000  0.9999901009503529E+000  0.7691459121195297E+002  0.2714283420285042E-015  0.3225883982450258E+003  0.1423824046288331E+002  0.1190444525266078E+000  0.9054492281198275E+003  0.1483994458321515E+003
                      188                        3                        0                       13 -0.8796080176664430E+000  0.5231844529596722E+000 -0.9777605411671272E-002  0.7621944657891824E+001 -0.1424437727705309E+000  0.9999901009503529E+000  0.8554049745363665E+002  0.2967332364900930E-015  0.3121905002950038E+003  0.1167270731361054E+002  0.1368609859093556E+000  0.9504475981017200E+003  0.1955773960240249E+003
                      189                        3                        0                       10 -0.6489536709024714E+000  0.6446615785510962E+000 -0.1075313776425619E-003  0.9391668362829549E+001 -0.1566556889720209E-002  0.9999901009503529E+000  0.1423799886788225E+002  0.6700967119739788E-016  0.3426029628720093E+002  0.1147839403319186E-001  0.2077942754299956E+000  0.1218677168878546E+003  0.4479062975065469E+002
                      190                        3                        0                        7 -0.3687807257252969E+000  0.9068797655044682E+000 -0.3267869090846046E-005  0.1321175991552213E+002 -0.4760752583292787E-004  0.9999901009503529E+000  0.4157494024982576E+001  0.8167338948473654E-016  0.5054423760542872E+001  0.1962164776728590E-003  0.4112154545407185E+000  0.1385226971853218E+002  0.1430427771265785E+002
                      191                        3                        0                        6 -0.4263374432506419E+000  0.1045102576136796E+001 -0.8193640827150792E-006  0.1522544095504466E+002 -0.1193679907304130E-004  0.9999901009503529E+000  0.2039828952096354E+001 -0.1416672454588694E-016  0.1866987227470200E+001  0.9367248096671903E-004  0.5461196973238812E+000  0.2604930092683307E+001  0.5676367982055645E+001
                      192                        3                        0                        5 -0.3569847257491103E+000  0.1156954936460734E+001 -0.1093180084601669E-005  0.1685494751897414E+002 -0.1592585188418372E-004  0.9999901009503529E+000  0.3227562117161324E+001  0.6972384340263235E-016  0.2410071821380553E+001  0.1356987388211071E-003  0.6692723625004279E+000  0.7134442124358412E-001  0.6787338953915897E+001
                      193                        3                        0                        4 -0.4398568811303358E+000  0.1473180253339702E+001 -0.6045788183768811E-006  0.2146183491985335E+002 -0.8807727884370862E-005  0.9999901009503529E+000  0.3666420107376432E+001 -0.3775949509930874E-017  0.1687659535079944E+001  0.3031048929218082E-004  0.1085130029415013E+001 -0.7826130397123580E+001  0.8155925302785846E+000
                      194                        3                        0                        1  0.3591015631393008E-001  0.3410958865296854E+001  0.1833637532824080E-004  0.4969211060184559E+002  0.2671310991516738E-003  0.9999901009503529E+000  0.1404853237959608E+003 -0.2479528996590972E-014  0.1207152403545489E+002 -0.7973697454200353E-003  0.5817320190373593E+001 -0.8214220813728894E+003 -0.5399229397068918E+003
