                                                                                                                                                                                                                                                                



                        1                        2                        3                        4                        5                        6                        7                        8                        9                       10                       11                       12                       13                       14                       15                       16                       17
                        j                        l                      n_p                      n_g                      eta                Re(omega)                Im(omega)                 Re(freq)                 Im(freq)                    x_ref             Re(xi_r_ref)             Im(xi_r_ref)             Re(xi_h_ref)             Im(xi_h_ref)                        H            Re(lag_L_ref)            Im(lag_L_ref)
                        2                        1                        0                       38 -0.9999996266923135E+000  0.3549791846927158E-001 -0.1007297927163960E-002  0.1031559938001149E+001 -0.2927180612557372E-001  0.9999786716841469E+000  0.3581809861338165E+000  0.3124857480485688E-016  0.2835733781230699E+003  0.1609916090683284E+002  0.6300511078255274E-003  0.1299881833078926E+002 -0.2089246019167758E+001
                        4                        1                        0                       36 -0.9999977061284439E+000  0.3772096775902416E-001 -0.8778509488121628E-003  0.1096161150872145E+001 -0.2551011184260875E-001  0.9999786716841469E+000  0.4080872987561612E+000  0.1333373071660815E-016  0.2863441632122218E+003  0.1332762108223871E+002  0.7114357043386713E-003  0.1468780397893937E+002 -0.2357997189991931E+001
                        5                        1                        0                       35 -0.9999960811116823E+000  0.3888528955182904E-001 -0.8574810290728424E-003  0.1129996028188653E+001 -0.2491816746813588E-001  0.9999786716841469E+000  0.4471202517830765E+000  0.1234123827105694E-017  0.2953063477580574E+003  0.1303607409701166E+002  0.7560328717647910E-003  0.1602820511253696E+002 -0.2567378157195786E+001
                        6                        1                        0                       34 -0.9999949725949517E+000  0.4009914481169645E-001 -0.8659659362235698E-003  0.1165270334700318E+001 -0.2516473658181297E-001  0.9999786716841469E+000  0.4991960640779109E+000 -0.1073184487201333E-017  0.3100258540903521E+003  0.1339313299730555E+002  0.8039707073147003E-003  0.1781861838266726E+002 -0.2846444623904837E+001
                        7                        1                        0                       33 -0.9999951513737617E+000  0.4137571399202344E-001 -0.9019847105136719E-003  0.1202367090828490E+001 -0.2621143244950837E-001  0.9999786716841469E+000  0.5667024422739075E+000 -0.4213196894663580E-019  0.3305893012524621E+003  0.1442241534092133E+002  0.8559748541748623E-003  0.2014423387010525E+002 -0.3205571907396654E+001
                        8                        1                        0                       32 -0.9999965184814246E+000  0.4275706177905222E-001 -0.9753053053112410E-003  0.1242508685011791E+001 -0.2834210916197703E-001  0.9999786716841469E+000  0.6582047274709936E+000  0.2383225486833539E-016  0.3594896926322619E+003  0.1640880587989417E+002  0.9140831659888450E-003  0.2329152661719007E+002 -0.3688386900153347E+001
                        9                        1                        0                       31 -0.9999980370518152E+000  0.4430523474494318E-001 -0.1093187438286382E-002  0.1287498173905118E+001 -0.3176773215698571E-001  0.9999786716841469E+000  0.7832584223534479E+000 -0.7154069410481839E-017  0.3983217543209872E+003  0.1966767331840660E+002  0.9814769129022601E-003  0.2758385333040269E+002 -0.4340559216310104E+001
                       10                        1                        0                       30 -0.9999990141429786E+000  0.4606544633367383E-001 -0.1257322675588794E-002  0.1338649447997758E+001 -0.3653745789068039E-001  0.9999786716841469E+000  0.9499151651401047E+000  0.1631381350262794E-016  0.4466731328014249E+003  0.2440092064227707E+002  0.1061012672960293E-002  0.3327493670731109E+002 -0.5194778247989365E+001
                       11                        1                        0                       29 -0.9999994204990029E+000  0.4809146519547928E-001 -0.1423820258171825E-002  0.1397525009765763E+001 -0.4137583274117668E-001  0.9999786716841469E+000  0.1146939988918011E+001 -0.9622511419749645E-017  0.4946416210956039E+003  0.2931622022344434E+002  0.1156394512324001E-002  0.3993740279145377E+002 -0.6180328948775391E+001
                       13                        1                        0                       27 -0.9999994306887964E+000  0.5035203842015808E-001 -0.1491311960570978E-002  0.1463216658066644E+001 -0.4333712341242352E-001  0.9999786716841469E+000  0.1325980811479815E+001 -0.1282151823822619E-016  0.5216599565494930E+003  0.3092696508735006E+002  0.1267663886532540E-002  0.4586866285689089E+002 -0.7044522165567725E+001
                       14                        1                        0                       25 -0.9999989906275148E+000  0.5532697651651464E-001 -0.1591149345863155E-002  0.1607787017556300E+001 -0.4623837090588840E-001  0.9999786716841469E+000  0.1727875334526530E+001  0.4413952189426499E-016  0.5631024308679567E+003  0.3241520567722619E+002  0.1530537165229474E-002  0.5894191492855098E+002 -0.8901541304455455E+001
                       15                        1                        0                       26 -0.9999992427017900E+000  0.5275769737020029E-001 -0.1513684754784108E-002  0.1533124458421349E+001 -0.4398727077899055E-001  0.9999786716841469E+000  0.1501106093579652E+001  0.5152997442244947E-016  0.5380171661753870E+003  0.3089963570656869E+002  0.1391687315902820E-002  0.5157171076300834E+002 -0.7861440281036592E+001
                       16                        1                        0                       24 -0.9999987061252479E+000  0.5807658426872551E-001 -0.1756651868609141E-002  0.1687689877349430E+001 -0.5104782958585777E-001  0.9999786716841469E+000  0.2036575123975685E+001 -0.5547476349541671E-017  0.6021941683707205E+003  0.3646328000140483E+002  0.1686444820161186E-002  0.6896324945830240E+002 -0.1029111670994313E+002
                       17                        1                        0                       22 -0.9999988408309483E+000  0.6382300251101582E-001 -0.2629613599311976E-002  0.1854679241835040E+001 -0.7641586206868380E-001  0.9999786716841469E+000  0.3090401257940151E+001 -0.2390102666546577E-015  0.7548792353152030E+003  0.6231127038309125E+002  0.2036687824760563E-002  0.1031405570369259E+003 -0.1484138878925165E+002
                       18                        1                        0                       23 -0.9999984853909836E+000  0.6099107863342090E-001 -0.2064249555507935E-002  0.1772384297636422E+001 -0.5998653541733598E-001  0.9999786716841469E+000  0.2471345208322436E+001 -0.5756497465772135E-016  0.6621180759377364E+003  0.4486955546637811E+002  0.1859955836434069E-002  0.8305651005318160E+002 -0.1220223921507384E+002
                       19                        1                        0                       21 -0.9999494784650010E+000  0.6746495478030669E-001 -0.1386750266633449E-002  0.1960513392656163E+001 -0.4029858878372797E-001  0.9999786716841469E+000  0.2478453246778054E+001  0.5988683039754936E-016  0.5438763984422229E+003  0.2235985068746518E+002  0.2275760061754412E-002  0.8184011672700147E+002 -0.1189630130595386E+002
                       20                        1                        0                       21 -0.9999947847418343E+000  0.6606347349838106E-001 -0.2272260819744367E-002  0.1919786724540554E+001 -0.6603128666169474E-001  0.9999786716841469E+000  0.3069408748465359E+001 -0.1505783623118986E-015  0.7008421540796493E+003  0.4826622849515785E+002  0.2182191265335649E-002  0.1018087148293513E+003 -0.1462899249464007E+002
                       21                        1                        0                       17 -0.9999977539070498E+000  0.7939642192444329E-001 -0.1995438828476606E-002  0.2307238610308647E+001 -0.5798691424597924E-001  0.9999786716841469E+000  0.4093494656581574E+001 -0.2187241033681659E-015  0.6481880737113038E+003  0.3260726430819319E+002  0.3151895907202109E-002  0.1311299620037808E+003 -0.1791058822069631E+002
                       22                        1                        0                       19 -0.9999928712286140E+000  0.7058665768060549E-001 -0.2059882499345547E-002  0.2051229237109910E+001 -0.5985962994292007E-001  0.9999786716841469E+000  0.3327727332439673E+001 -0.1255068370428245E-016  0.6662267082727060E+003  0.3892385097317005E+002  0.2491238121259485E-002  0.1090670190814511E+003 -0.1545893450374567E+002
                       23                        1                        0                       18 -0.9999963893343197E+000  0.7467021958939489E-001 -0.2031661581188159E-002  0.2169896444966086E+001 -0.5903953767159518E-001  0.9999786716841469E+000  0.3682797151259548E+001 -0.1672922418042112E-015  0.6590887923963867E+003  0.3588616766253952E+002  0.2787820846764229E-002  0.1194315155076719E+003 -0.1665250938367652E+002
                       25                        1                        0                       15 -0.9999990603006546E+000  0.9095946529512025E-001 -0.2285824932753624E-002  0.2643257532457151E+001 -0.6642545612791237E-001  0.9999786716841469E+000  0.5589947910528640E+001 -0.1510918280664384E-015  0.6744054352869729E+003  0.3392054479278084E+002  0.4136812163387100E-002  0.1737259581397178E+003 -0.2222211167456848E+002
                       26                        1                        0                       16 -0.9999985252926271E+000  0.8479225175217285E-001 -0.2057910802694982E-002  0.2464039970010222E+001 -0.5980233296996165E-001  0.9999786716841469E+000  0.4685256054978709E+001  0.1084584342396859E-015  0.6505443652237086E+003  0.3159134226154205E+002  0.3594862978601927E-002  0.1479856835163255E+003 -0.1966555075308264E+002
                       28                        1                        0                       14 -0.9999995095383846E+000  0.9785841369008774E-001 -0.2874978058040972E-002  0.2843739112377007E+001 -0.8354608707196870E-001  0.9999786716841469E+000  0.7106131222915510E+001  0.5362724835001927E-016  0.7401802903894919E+003  0.4352710385189047E+002  0.4788134564970189E-002  0.2168538661781234E+003 -0.2624104559697629E+002
                       29                        1                        0                       13 -0.9999997352808443E+000  0.1049264193891820E+000 -0.3632461200480167E-002  0.3049133451965139E+001 -0.1055583429209389E+000  0.9999786716841469E+000  0.8972830302242174E+001 -0.5019313587486235E-015  0.8121349981548025E+003  0.5630051454776725E+002  0.5504776742917256E-002  0.2686448526488135E+003 -0.3034213580770897E+002
                       30                        1                        0                       12 -0.9999996136909509E+000  0.1127822097214123E+000 -0.3204726691874748E-002  0.3277420600550497E+001 -0.9312849344793651E-001  0.9999786716841469E+000  0.9498177415464687E+001  0.6157260029618084E-016  0.7449604783498080E+003  0.4236684073179553E+002  0.6359913414822321E-002  0.2777410312696165E+003 -0.2980050914506282E+002
                       31                        1                        0                       11 -0.9999273367438412E+000  0.1230238215274261E+000 -0.2449173341431063E-002  0.3575039077780052E+001 -0.7117231683394921E-001  0.9999786716841469E+000  0.9576375118574036E+001 -0.1353706761819142E-015  0.6320288080480436E+003  0.2517902515793069E+002  0.7567430331606001E-002  0.2710374410776907E+003 -0.2709702733865257E+002
                       32                        1                        0                       10 -0.9996854267070180E+000  0.1352033879918378E+000 -0.2102372674418311E-002  0.3928973994774838E+001 -0.6109438297221842E-001  0.9999786716841469E+000  0.1034368771081198E+002 -0.7522554071322320E-015  0.5654704970335995E+003  0.1758682217459204E+002  0.9139978062235694E-002  0.2810932888459762E+003 -0.2490911671456148E+002
                       34                        1                        0                        9 -0.9996855282046349E+000  0.1486039458687477E+000 -0.1699848177098943E-002  0.4318390592952340E+001 -0.4939712962881043E-001  0.9999786716841469E+000  0.1084835981035885E+002 -0.1317969925741133E-015  0.4910931322866894E+003  0.1123895014222954E+002  0.1104156636388086E-001  0.2810030065535162E+003 -0.2109293163005657E+002
                       35                        1                        0                        8 -0.9994791084185656E+000  0.1639913122847914E+000 -0.7325286273493068E-003  0.4765543311494846E+001 -0.2128708436993668E-001  0.9999786716841469E+000  0.8380900951231411E+001  0.4624602474908393E-015  0.3116345630408753E+003  0.2782153537012170E+001  0.1344657525244401E-001  0.2044357089569607E+003 -0.1232727845180055E+002
                       36                        1                        0                        7 -0.9914029177084384E+000  0.1851370990000381E+000 -0.1640233287209562E-003  0.5380034171060252E+001 -0.4766473700495930E-002  0.9999786716841469E+000  0.4868877680630229E+001 -0.1537287490431644E-015  0.1420622438248161E+003  0.2526020990459024E+000  0.1713787271307494E-001  0.1087111237743424E+003 -0.3832363274972889E+001
                       37                        1                        0                        6 -0.9360562228491991E+000  0.2152146268744905E+000 -0.3357481075884310E-004  0.6254079020091496E+001 -0.9756749465401317E-003  0.9999786716841469E+000  0.2887086560231166E+001 -0.1104333869417450E-016  0.6233359477943943E+002  0.1912802642102258E-001  0.2315866781036300E-001  0.5614215403449870E+002  0.3454515894438572E+000
                       38                        1                        0                        5 -0.7452547932776292E+000  0.2581026454333485E+000 -0.7552623760568065E-005  0.7500393273809359E+001 -0.2194772097677160E-003  0.9999786716841469E+000  0.1971801350698741E+001  0.2918867286699930E-017  0.2960303278569387E+002  0.1746564417491356E-002  0.3330848778984644E-001  0.3075763809688626E+002  0.2121190222223873E+001
                       39                        1                        0                        4 -0.4678709849953299E+000  0.3196039463900151E+000 -0.1703265977675051E-005  0.9287604494567759E+001 -0.4949644999187459E-004  0.9999786716841469E+000  0.1533084069039666E+001 -0.4956406645244821E-017  0.1500770158058682E+002  0.2294878301513776E-003  0.5107334127403588E-001  0.1674751138697239E+002  0.2656337296836026E+001
                       40                        1                        0                        3 -0.2789773249879224E+000  0.4117789373509658E+000 -0.3396714520273376E-006  0.1196618487508340E+002 -0.9870760796788509E-005  0.9999786716841469E+000  0.1277354604235435E+001 -0.2322456906145829E-017  0.7534165288889839E+001 -0.4351055649088330E-005  0.8478094662294527E-001  0.7610014206559636E+001  0.2172714700318990E+001
                       41                        1                        0                        2 -0.2219368522042088E+000  0.5616965299824732E+000 -0.6964480842539013E-007  0.1632274968871070E+002 -0.2023859351741634E-005  0.9999786716841469E+000  0.1039035433778262E+001 -0.2131262160392056E-017  0.3292742636667901E+001  0.1570059318846894E-004  0.1577514958971757E+000  0.1623211333170108E+001  0.9155863561200897E+000
                       42                        1                        0                        1 -0.2356911181968449E+000  0.8287713683320470E+000 -0.2333491857676779E-007  0.2408387246913627E+002 -0.6781064411185006E-006  0.9999786716841469E+000  0.8968317117084201E+000  0.7356388254111953E-019  0.1305303694718715E+001 -0.2043570828993384E-005  0.3434309904834859E+000 -0.1435920425323177E+001 -0.2750842995703832E+000
                       43                        2                        0                       66 -0.9999996848356396E+000  0.3478601752276991E-001 -0.7656786916520571E-003  0.1010872288473982E+001 -0.2225041629900405E-001  0.9999786716841469E+000  0.1902786175110316E-001  0.7241049775599204E-018  0.1570280435836328E+002  0.6916080908903094E+000  0.6050335075472283E-003  0.7948194678850286E+000 -0.1225740763223029E+000
                       44                        2                        0                       64 -0.9999998403737851E+000  0.3587680749714713E-001 -0.8740363131871066E-003  0.1042570350976292E+001 -0.2539925956003656E-001  0.9999786716841469E+000  0.2809164500573092E-001 -0.3575692285024032E-018  0.2178733960972485E+002  0.1062202979868112E+001  0.6435726580936751E-003  0.1168553885503737E+001 -0.1805402218363690E+000
                       45                        2                        0                       62 -0.9999998802119391E+000  0.3715595530265899E-001 -0.9118644451686431E-003  0.1079742041256958E+001 -0.2649853487431596E-001  0.9999786716841469E+000  0.3814612990090878E-001 -0.4071117201222155E-019  0.2758270074982629E+002  0.1354659728916539E+001  0.6902825072265981E-003  0.1579330084028898E+001 -0.2449365889586472E+000
                       46                        2                        0                       60 -0.9999999225782135E+000  0.3855995356987477E-001 -0.9616775288146526E-003  0.1120541852286344E+001 -0.2794608965198566E-001  0.9999786716841469E+000  0.5213311609348896E-001 -0.1127914529190134E-017  0.3499920522783712E+002  0.1746831836020346E+001  0.7434350096554486E-003  0.2147655153090048E+001 -0.3342019150679447E+000
                       47                        2                        0                       63 -0.9999998487185291E+000  0.3652052250026877E-001 -0.8858661169013099E-003  0.1061276535376523E+001 -0.2574303046583074E-001  0.9999786716841469E+000  0.3261861302493468E-001 -0.3278628347336113E-018  0.2441477690008858E+002  0.1185138797545510E+001  0.6668742818463189E-003  0.1353620995839769E+001 -0.2095856136686658E+000
                       48                        2                        0                       59 -0.9999999402301588E+000  0.3937564831112121E-001 -0.1000768558485207E-002  0.1144245721498744E+001 -0.2908206443254259E-001  0.9999786716841469E+000  0.6223143906476635E-001  0.5316855012344182E-017  0.4006274049508722E+002  0.2037779408788403E+001  0.7752208399605534E-003  0.2556433290625461E+001 -0.3983972322519796E+000
                       49                        2                        0                       61 -0.9999998843763649E+000  0.3781908145119547E-001 -0.9145574562965809E-003  0.1099012308308345E+001 -0.2657679305147012E-001  0.9999786716841469E+000  0.4342404227255884E-001 -0.2123974637939220E-018  0.3030918281556995E+002  0.1466757626549078E+001  0.7151414609060770E-003  0.1793563450230266E+001 -0.2787594676043094E+000
                       50                        2                        0                       56 -0.9999999630185790E+000  0.4113748811571842E-001 -0.1135429186654717E-002  0.1195444311105385E+001 -0.3299526597324649E-001  0.9999786716841469E+000  0.9186671873026367E-001 -0.1140189120635293E-017  0.5416491093349688E+002  0.2992274600597757E+001  0.8461464642354371E-003  0.3751629062987803E+001 -0.5855583534361910E+000
                       51                        2                        0                       58 -0.9999999566732559E+000  0.4024095048582236E-001 -0.1067971877363934E-002  0.1169391169349712E+001 -0.3103497475645415E-001  0.9999786716841469E+000  0.7593459724018954E-001 -0.4698193672344776E-017  0.4679650802684466E+002  0.2485654714791239E+001  0.8096670480012047E-003  0.3110224542064377E+001 -0.4850954346291586E+000
                       52                        2                        0                       55 -0.9999999557078024E+000  0.4210019663126294E-001 -0.1188692313246574E-002  0.1223420360953715E+001 -0.3454307806855019E-001  0.9999786716841469E+000  0.1096277346528772E+000 -0.6655868620483598E-017  0.6170799606450944E+002  0.3487409476932656E+001  0.8862132781955038E-003  0.4462985665192454E+001 -0.6972860520553334E+000
                       53                        2                        0                       54 -0.9999999250684207E+000  0.4310948756693250E-001 -0.1216746602536259E-002  0.1252750083369007E+001 -0.3535832814991441E-001  0.9999786716841469E+000  0.1279507968561858E+000  0.2895582866524689E-018  0.6868901575091756E+002  0.3880526016644312E+001  0.9292139591417555E-003  0.5192244822120648E+001 -0.8123733649075733E+000
                       54                        2                        0                       52 -0.9999716147896948E+000  0.4464239590134492E-001 -0.5391090200574003E-003  0.1297295986187978E+001 -0.1566636274145693E-001  0.9999786716841469E+000  0.8320683079251932E-001  0.6257405827443722E-017  0.4173515044299047E+002  0.1008158523152039E+001  0.9964717559062092E-003  0.3359939006124210E+001 -0.5341075884421267E+000
                       55                        2                        0                       53 -0.9999997816104667E+000  0.4414937317199281E-001 -0.1171678961978167E-002  0.1282968878626337E+001 -0.3404867466867701E-001  0.9999786716841469E+000  0.1413852982342469E+000 -0.8741358695556144E-017  0.7238780393354006E+002  0.3844905783528787E+001  0.9745835757399374E-003  0.5718810499526954E+001 -0.8971847415677539E+000
                       56                        2                        0                       51 -0.9999997570433646E+000  0.4532002109318956E-001 -0.1190634622651078E-002  0.1316987591527947E+001 -0.3459952105606294E-001  0.9999786716841469E+000  0.1647866841646126E+000  0.2341922288690972E-017  0.8007012967716150E+002  0.4210062376839592E+001  0.1026952155943574E-002  0.6641681386810904E+001 -0.1043398949421052E+001
                       57                        2                        0                       49 -0.9999998811496480E+000  0.4741891931391539E-001 -0.1221799576052295E-002  0.1377981007812817E+001 -0.3550516619765615E-001  0.9999786716841469E+000  0.2118934358997378E+000  0.1981325678883566E-017  0.9405396242898067E+002  0.4850023451134367E+001  0.1124276954449811E-002  0.8487742429696873E+001 -0.1335937554040595E+001
                       58                        2                        0                       50 -0.9999998580753140E+000  0.4636197608735258E-001 -0.1238826578302577E-002  0.1347266522674549E+001 -0.3599996629138140E-001  0.9999786716841469E+000  0.1912550056898577E+000 -0.1619058059498930E-016  0.8879460557942247E+002  0.4748708360313804E+001  0.1074716413362126E-002  0.7684713331474301E+001 -0.1207755445249970E+001
                       59                        2                        0                       47 -0.9999999270026492E+000  0.4979482001753228E-001 -0.1231179934471081E-002  0.1447024041551302E+001 -0.3577775688370687E-001  0.9999786716841469E+000  0.2696642606413208E+000  0.1962875165778507E-017  0.1085641485526486E+003  0.5371796106887071E+001  0.1239762050289219E-002  0.1072969227070607E+002 -0.1691772555606099E+001
                       60                        2                        0                       46 -0.9999999515953840E+000  0.5108668926499119E-001 -0.1289657492153430E-002  0.1484565413504362E+001 -0.3747709894032580E-001  0.9999786716841469E+000  0.3136150073961781E+000 -0.1608975476314210E-016  0.1199441019159097E+003  0.6059716792206708E+001  0.1304924910028887E-002  0.1243478347229460E+002 -0.1959970329431134E+001
                       61                        2                        0                       48 -0.9999998951068954E+000  0.4856294488988155E-001 -0.1201409202291611E-002  0.1411226082541267E+001 -0.3491262743483832E-001  0.9999786716841469E+000  0.2351281376753379E+000 -0.4907579890037416E-018  0.9952336463366731E+002  0.4927276240140457E+001  0.1179179808188837E-002  0.9387679046394624E+001 -0.1479665591424784E+001
                       62                        2                        0                       45 -0.9999999650887454E+000  0.5246534059354350E-001 -0.1354007446261284E-002  0.1524628649331491E+001 -0.3934709125346205E-001  0.9999786716841469E+000  0.3651900074166787E+000  0.3426881675976055E-016  0.1324140325462442E+003  0.6839147785248294E+001  0.1376305981798262E-002  0.1442693923393537E+002 -0.2272634712257098E+001
                       63                        2                        0                       44 -0.9999999698955502E+000  0.5392838633017558E-001 -0.1439778044065186E-002  0.1567144363898796E+001 -0.4183956169590514E-001  0.9999786716841469E+000  0.4284881043654506E+000  0.1604048421777447E-016  0.1470290498108219E+003  0.7856350042235730E+001  0.1454135426088332E-002  0.1686377052087501E+002 -0.2653506916120269E+001
                       64                        2                        0                       42 -0.9999999759673297E+000  0.5548129913927815E-001 -0.1550921623960633E-002  0.1612271591357660E+001 -0.4506936415560205E-001  0.9999786716841469E+000  0.5064123622433778E+000  0.7167943522710055E-018  0.1641424367582910E+003  0.9184037167328640E+001  0.1539087277091035E-002  0.1985303943950900E+002 -0.3118458957726062E+001
                       65                        2                        0                       40 -0.9999999886391232E+000  0.5990576046779606E-001 -0.1990977566624710E-002  0.1740845244420876E+001 -0.5785727117963065E-001  0.9999786716841469E+000  0.8005967647893824E+000 -0.1308133678187586E-016  0.2223645652750398E+003  0.1479698410897445E+002  0.1794350068612483E-002  0.3105684983380439E+002 -0.4840371942389416E+001
                       66                        2                        0                       36 -0.9999996541212414E+000  0.6547591835364854E-001 -0.1482409989898179E-002  0.1902712530480494E+001 -0.4307843454526444E-001  0.9999786716841469E+000  0.9058857690073788E+000  0.2959779863449590E-017  0.2109940643529121E+003  0.9558940924037723E+001  0.2143547942126826E-002  0.3469309845417582E+002 -0.5429302904260071E+001
                       67                        2                        0                       41 -0.9999999856703460E+000  0.5711651679566655E-001 -0.1746059993718427E-002  0.1659790575483521E+001 -0.5074003255784219E-001  0.9999786716841469E+000  0.6148690848046332E+000  0.2163077784770833E-016  0.1879618109286095E+003  0.1150278491618812E+002  0.1631148245434829E-002  0.2400942023778300E+002 -0.3759010154284764E+001
                       69                        2                        0                       39 -0.9999999526928666E+000  0.6165778264465107E-001 -0.1745168946597182E-002  0.1791758536412846E+001 -0.5071413896878728E-001  0.9999786716841469E+000  0.8140935006111731E+000  0.2279076366799031E-017  0.2136400353379237E+003  0.1210347996905788E+002  0.1900841080327519E-002  0.3144904798847664E+002 -0.4916048154274107E+001
                       71                        2                        0                       40 -0.9999999948809868E+000  0.5860764476295906E-001 -0.2096470515990386E-002  0.1703122352100889E+001 -0.6092286783993667E-001  0.9999786716841469E+000  0.7660423305977638E+000  0.2305720898093521E-016  0.2221801357692045E+003  0.1591569967843415E+002  0.1717428012330605E-002  0.2980912459716358E+002 -0.4639960379648321E+001
                       72                        2                        0                       38 -0.9999998601349704E+000  0.6353008727986027E-001 -0.1593084926913615E-002  0.1846167204208045E+001 -0.4629461836924703E-001  0.9999786716841469E+000  0.8536144620436361E+000  0.1594436188655098E-017  0.2111112955943243E+003  0.1059433620119479E+002  0.2018035994893332E-002  0.3283395473655168E+002 -0.5138069389313404E+001
                       74                        2                        0                       35 -0.9999993619059311E+000  0.6748518474870309E-001 -0.1428548041951485E-002  0.1961101270082351E+001 -0.4151322086287321E-001  0.9999786716841469E+000  0.9803369074024764E+000  0.1962548553909263E-016  0.2149821849904426E+003  0.9105689193483059E+001  0.2277125080283285E-002  0.3738080689897916E+002 -0.5843268691976768E+001
                       75                        2                        0                       29 -0.1000000000000000E+001  0.5903882551634779E-001 -0.1514276572280426E-001  0.1715652348517947E+001 -0.4400446883583827E+000  0.9999786716841469E+000  0.3799896505931690E+001  0.4931851124939412E-016  0.8966649527500301E+003  0.4923584684831900E+003  0.1742791459174882E-002  0.1480532143591808E+003 -0.1860003485626244E+002
                       76                        2                        0                       34 -0.9999991178154001E+000  0.6957692406601947E-001 -0.1418835133141109E-002  0.2021886650564683E+001 -0.4123096635212166E-001  0.9999786716841469E+000  0.1078262569598885E+001 -0.7842956391500117E-016  0.2224744365089988E+003  0.9077322331402065E+001  0.2420474181244320E-002  0.4093350397476550E+002 -0.6385006393455605E+001
                       77                        2                        0                       33 -0.9999990920687016E+000  0.7177419018421237E-001 -0.1454921574516271E-002  0.2085738611423097E+001 -0.4227962860706113E-001  0.9999786716841469E+000  0.1206558777490063E+001 -0.1239952857930566E-015  0.2339399097055915E+003  0.9488190412312688E+001  0.2575767188299746E-002  0.4559777489403915E+002 -0.7090221237249020E+001
                       78                        2                        0                       32 -0.9999992930395193E+000  0.7414551398639140E-001 -0.1545372959623755E-002  0.2154648641640050E+001 -0.4490812146627945E-001  0.9999786716841469E+000  0.1378606469894359E+001  0.1051873707132674E-016  0.2504565598997069E+003  0.1044478981862266E+002  0.2748778622153084E-002  0.5185398916381256E+002 -0.8027953447199417E+001
                       80                        2                        0                       31 -0.9999995615795455E+000  0.7677764652345864E-001 -0.1695321376926031E-002  0.2231137703360620E+001 -0.4926558203652681E-001  0.9999786716841469E+000  0.1608926371222914E+001 -0.3641560215379149E-016  0.2725581332886197E+003  0.1204253518584873E+002  0.2947403502840579E-002  0.6020956192421512E+002 -0.9267857466071963E+001
                       81                        2                        0                       30 -0.9999997568377647E+000  0.7970026131881351E-001 -0.1918525035983181E-002  0.2316068101172742E+001 -0.5575182017744583E-001  0.9999786716841469E+000  0.1915259093646994E+001 -0.2336396411351922E-016  0.3010100209694738E+003  0.1450008029157063E+002  0.3176065827143583E-002  0.7128127315970978E+002 -0.1089053553561987E+002
                       83                        2                        0                       29 -0.9999998747659565E+000  0.8292160648698024E-001 -0.2250121495408142E-002  0.2409679523060223E+001 -0.6538792386679078E-001  0.9999786716841469E+000  0.2328071095009255E+001 -0.8046485333508680E-016  0.3378542194454371E+003  0.1834922015598938E+002  0.3437996411190791E-002  0.8614055086287223E+002 -0.1303426931233776E+002
                       84                        2                        0                       28 -0.9999999545018098E+000  0.8644400287382985E-001 -0.2885755661014105E-002  0.2512039412178212E+001 -0.8385928130797413E-001  0.9999786716841469E+000  0.2972097156378266E+001 -0.2019061862621894E-015  0.3964325998980862E+003  0.2649770905276143E+002  0.3736282816425363E-002  0.1093046859082375E+003 -0.1630317293815962E+002
                       86                        2                        0                       27 -0.9999999929576892E+000  0.8901594236399415E-001 -0.4117258667855976E-002  0.2586779280188029E+001 -0.1196464265876533E+000  0.9999786716841469E+000  0.3888210576831072E+001  0.4326443770476483E-016  0.4875909595612302E+003  0.4520184474810382E+002  0.3961918997474959E-002  0.1424379319445840E+003 -0.2081679280170564E+002
                       87                        2                        0                       26 -0.9999999401487764E+000  0.9202193671999336E-001 -0.3103703396240103E-002  0.2674132665547527E+001 -0.9019278371972370E-001  0.9999786716841469E+000  0.3598561408728036E+001  0.2060692225875228E-015  0.4235377590337442E+003  0.2860260017022785E+002  0.4234018418849227E-002  0.1310618900621055E+003 -0.1928189638587047E+002
                       88                        2                        0                       25 -0.9999998202651489E+000  0.9643888297335784E-001 -0.2767649828044663E-002  0.2802487932553372E+001 -0.8042715765145618E-001  0.9999786716841469E+000  0.3774350616639211E+001  0.1178504229098682E-017  0.4048487178611805E+003  0.2325624264494321E+002  0.4650229074574517E-002  0.1363978009509407E+003 -0.1995670056334288E+002
                       89                        2                        0                       24 -0.9999996136358424E+000  0.1011759954674511E+000 -0.2718200217691420E-002  0.2940147144175636E+001 -0.7899016530965650E-001  0.9999786716841469E+000  0.4167909625963593E+001 -0.2826259952439305E-016  0.4063037751224336E+003  0.2184733930514611E+002  0.5118291029414866E-002  0.1494181600827661E+003 -0.2163081435553970E+002
                       90                        2                        0                       23 -0.9999991176379062E+000  0.1062092125565035E+000 -0.2775152237333225E-002  0.3086411075476952E+001 -0.8064517564220872E-001  0.9999786716841469E+000  0.4687292785435591E+001  0.1407599748451935E-016  0.4147019270481894E+003  0.2168638993395550E+002  0.5640198415936272E-002  0.1666488427255344E+003 -0.2380016602067643E+002
                       91                        2                        0                       22 -0.9999962836021774E+000  0.1113587202200770E+000 -0.2535574237534248E-002  0.3236054379513794E+001 -0.7368310357499709E-001  0.9999786716841469E+000  0.4949605683031717E+001  0.4221427744649436E-016  0.3985424615160722E+003  0.1815853500084347E+002  0.6200382284526675E-002  0.1744750832379782E+003 -0.2463843721394839E+002
                       92                        2                        0                       21 -0.9999890444741185E+000  0.1145974958646754E+000 -0.2016090130558501E-002  0.3330172326345907E+001 -0.5858703551544701E-001  0.9999786716841469E+000  0.4675073623932056E+001  0.9747709077759855E-016  0.3556826220858191E+003  0.1251873139546997E+002  0.6566293029227136E-002  0.1638805276687415E+003 -0.2307014427427638E+002
                       93                        2                        0                       20 -0.9999993460566381E+000  0.1191088602883797E+000 -0.3825696943773352E-002  0.3461271359920100E+001 -0.1111737215111984E+000  0.9999786716841469E+000  0.7013254200316382E+001 -0.4055631927931377E-015  0.4928506957456810E+003  0.3169275655615968E+002  0.7093460299598370E-002  0.2443510050742930E+003 -0.3317748793994881E+002
                       95                        2                        0                       19 -0.9999998864088975E+000  0.1244260822685896E+000 -0.5058058333297190E-002  0.3615788396770917E+001 -0.1469858111601357E+000  0.9999786716841469E+000  0.8807387831693655E+001 -0.1337270318485476E-015  0.5661084099956745E+003  0.4610200838451050E+002  0.7740924974354895E-002  0.3045117727841199E+003 -0.3999147684220791E+002
                       96                        2                        0                       18 -0.9999998624310789E+000  0.1303577637258477E+000 -0.4579572228528010E-002  0.3788161460323600E+001 -0.1330811339887862E+000  0.9999786716841469E+000  0.9157076733592071E+001  0.1658671494491140E-015  0.5369120810627350E+003  0.3777089407563286E+002  0.8496573281801976E-002  0.3135184864507912E+003 -0.4055072543706296E+002
                       97                        2                        0                       17 -0.9999998011840268E+000  0.1383343111957088E+000 -0.3920435510594075E-002  0.4019957778763958E+001 -0.1139267987148801E+000  0.9999786716841469E+000  0.9471569543284456E+001 -0.4739944901669298E-015  0.4937914679835854E+003  0.2801085284085370E+002  0.9568190826995613E-002  0.3200155690038010E+003 -0.4046804646013721E+002
                       98                        2                        0                       16 -0.9999997720531182E+000  0.1476719221986962E+000 -0.3635022957488440E-002  0.4291306236439262E+001 -0.1056327868887709E+000  0.9999786716841469E+000  0.1028742832176894E+002  0.9068811491657075E-015  0.4709223982795081E+003  0.2319806419973422E+002  0.1090349830292891E-001  0.3422806664547784E+003 -0.4173084342492562E+002
                       99                        2                        0                       15 -0.9999997775691946E+000  0.1584157660788063E+000 -0.3633311857088360E-002  0.4603519442305238E+001 -0.1055830627725766E+000  0.9999786716841469E+000  0.1167190328450826E+002  0.4916357808419496E-015  0.4643947706354917E+003  0.2131328377527046E+002  0.1254777747116754E-001  0.3814951504121041E+003 -0.4413180233945118E+002
                      100                        2                        0                       14 -0.9999998313955023E+000  0.1706898338818567E+000 -0.4127304187516287E-002  0.4960200542716712E+001 -0.1199383466800089E+000  0.9999786716841469E+000  0.1418062946969384E+002 -0.7583814239466511E-015  0.4858992973225805E+003  0.2351202517109849E+002  0.1456750969530790E-001  0.4540755210704070E+003 -0.4860549382935567E+002
                      102                        2                        0                       13 -0.9999999052739109E+000  0.1840526940298415E+000 -0.5389091498611277E-002  0.5348521655057588E+001 -0.1566055456745220E+000  0.9999786716841469E+000  0.1842952578721491E+002 -0.1341361308213993E-015  0.5426762050626127E+003  0.3180662933449714E+002  0.1693769708982117E-001  0.5769595604732069E+003 -0.5507732983703946E+002
                      103                        2                        0                       12 -0.9999999194169918E+000  0.1976035540130680E+000 -0.5927592334475716E-002  0.5742305991912711E+001 -0.1722542347473404E+000  0.9999786716841469E+000  0.2180814579911209E+002  0.2859451317351585E-014  0.5570380989097637E+003  0.3344955958282804E+002  0.1952358227929773E-001  0.6661415465188151E+003 -0.5609449899229931E+002
                      104                        2                        0                       11 -0.9999713509560653E+000  0.2143057877450462E+000 -0.4529490347108263E-002  0.6227668400076296E+001 -0.1316257680202983E+000  0.9999786716841469E+000  0.2192334146326117E+002  0.1084637166635470E-014  0.4767436535117724E+003  0.2016160930601589E+002  0.2296348533051246E-001  0.6472318161905931E+003 -0.4756028343877174E+002
                      105                        2                        0                       10 -0.9998005992652325E+000  0.2349594361028191E+000 -0.3558051263248364E-002  0.6827857851688355E+001 -0.1033960102110942E+000  0.9999786716841469E+000  0.2273125807876734E+002 -0.1990600672578821E-014  0.4114971611806446E+003  0.1246561769413926E+002  0.2760296830687742E-001  0.6419294286491906E+003 -0.3691980374462267E+002
                      106                        2                        0                        9 -0.9997742694520215E+000  0.2577279042211783E+000 -0.2743163842346599E-002  0.7489503395240071E+001 -0.7971560151020082E-001  0.9999786716841469E+000  0.2337047391050948E+002 -0.1073572900185152E-014  0.3517423748173676E+003  0.7488336496402884E+001  0.3321183630712048E-001  0.6260931649380135E+003 -0.2376459160077552E+002
                      107                        2                        0                        8 -0.9995848353869558E+000  0.2833631832888248E+000 -0.1085425530639984E-002  0.8234457691885797E+001 -0.3154217321393331E-001  0.9999786716841469E+000  0.1732317973208660E+002 -0.1717813387869560E-015  0.2157488161333222E+003  0.1652675938555183E+001  0.4014734682178796E-001  0.4347692185687879E+003 -0.7137829160993030E+001
                      108                        2                        0                        7 -0.9911365512292679E+000  0.3190180394934560E+000 -0.2046914200085226E-003  0.9270578198155135E+001 -0.5948277466357356E-002  0.9999786716841469E+000  0.9266219500030839E+001  0.3540716780754130E-015  0.9105333674811772E+002  0.1167246984104556E+000  0.5088625476112412E-001  0.2108318210114779E+003  0.3995078851593610E+001
                      109                        2                        0                        6 -0.9211455468954807E+000  0.3700585244150560E+000 -0.3630626371477436E-004  0.1075380092590047E+002 -0.1055050232849175E-002  0.9999786716841469E+000  0.5135273681334262E+001  0.9831559731268099E-017  0.3750062123197878E+002  0.7330699624685101E-002  0.6847165574612427E-001  0.9994046631828959E+002  0.7504861071148773E+001
                      110                        2                        0                        5 -0.6987847165331731E+000  0.4424828240696844E+000 -0.7528479994939835E-005  0.1285843154321897E+002 -0.2187755984494036E-003  0.9999786716841469E+000  0.3368547294462374E+001 -0.1532556053805908E-016  0.1720442664300617E+002  0.6507851168116098E-003  0.9789552479834171E-001  0.5097383171187548E+002  0.7972806468290891E+001
                      111                        2                        0                        4 -0.4308631829162379E+000  0.5451285739914622E+000 -0.1691868252736653E-005  0.1584128935548898E+002 -0.4916523517878672E-004  0.9999786716841469E+000  0.2579279040812586E+001  0.4180641500496490E-017  0.8677397046398536E+001  0.2291861222453424E-003  0.1485825810909824E+000  0.2603723453488732E+002  0.6968829487960861E+001
                      112                        2                        0                        3 -0.2954403863556970E+000  0.6953091199846233E+000 -0.3801352407257499E-006  0.2020549552289537E+002 -0.1104662758450335E-004  0.9999786716841469E+000  0.2166828454640650E+001 -0.8480927387547472E-017  0.4477442498103071E+001  0.2408427684010148E-003  0.2417273861668960E+000  0.1097812941636663E+002  0.4738027758501723E+001
                      113                        2                        0                        2 -0.3084591836839900E+000  0.9237044087185251E+000 -0.9507836071917050E-007  0.2684260102219516E+002 -0.2762951522738426E-005  0.9999786716841469E+000  0.1815230333429225E+001  0.7673372522003972E-018  0.2120143475171814E+001  0.1611579097972115E-003  0.4266149173430190E+000  0.1513740108438801E+001  0.1831690805130526E+001
                      114                        2                        0                        1 -0.3262108289580459E+000  0.1298684530822712E+001 -0.3501775765807373E-007  0.3773942224973559E+002 -0.1017606594312600E-005  0.9999786716841469E+000  0.1850772847382574E+001  0.1276050315217504E-017  0.1084454945747549E+001 -0.8128146640154554E-004  0.8432907552991014E+000 -0.4756267347836975E+001 -0.8338550466235971E+000
                      117                        3                        0                       90 -0.9999999053292339E+000  0.3553779782354392E-001 -0.7613019966047557E-003  0.1032718821282047E+001 -0.2212323072119186E-001  0.9999786716841469E+000  0.7707962795315206E-003 -0.1028778124213954E-019  0.6095211472395367E+000  0.2612677869350859E-001  0.6314675370735431E-003  0.3502311084240035E-001 -0.4530399467596043E-002
                      118                        3                        0                       88 -0.9999999923529512E+000  0.3650302030335922E-001 -0.9992529431678090E-003  0.1060767926254145E+001 -0.2903802106013464E-001  0.9999786716841469E+000  0.1767190480912946E-002 -0.9707516124811097E-019  0.1323357949808643E+001  0.7250695694981202E-001  0.6662352456337273E-003  0.8000123663020627E-001 -0.1040338105266612E-001
                      119                        3                        0                       91 -0.9999999731901229E+000  0.3500920751886637E-001 -0.8500584994742397E-003  0.1017358129572948E+001 -0.2470247075963241E-001  0.9999786716841469E+000  0.7461593619166082E-003 -0.1157319951656615E-019  0.6077525662288988E+000  0.2953104130978580E-001  0.6128223055495245E-003  0.3396515119289245E-001 -0.4353884573856154E-002
                      120                        3                        0                       83 -0.9999885131521374E+000  0.3861605981438988E-001 -0.4255032943403958E-003  0.1122172284621795E+001 -0.1236501098815190E-001  0.9999786716841469E+000  0.1130033804660555E-002 -0.2559706919861027E-019  0.7575731919502990E+000  0.1669559811080688E-001  0.7456000377942684E-003  0.5081350037209961E-001 -0.6853794647597682E-002
                      121                        3                        0                       83 -0.9999999978962791E+000  0.3890118882161182E-001 -0.1197618346737434E-002  0.1130458056680987E+001 -0.3480246619471311E-001  0.9999786716841469E+000  0.5059767159112638E-002 -0.5737656863071965E-018  0.3334248158880991E+001  0.2054920032791557E+000  0.7566512458673478E-003  0.2271551984950877E+000 -0.3015593066776146E-001
                      122                        3                        0                       87 -0.9999999961303149E+000  0.3687358584370233E-001 -0.1071583283494283E-002  0.1071536460926188E+001 -0.3113992124471498E-001  0.9999786716841469E+000  0.2262657380614714E-002  0.9859760260519973E-019  0.1660028779011820E+001  0.9656588889802042E-001  0.6798306664864422E-003  0.1022914036586038E+000 -0.1333384967488294E-001
                      123                        3                        0                       84 -0.9999999421770671E+000  0.3824907730943133E-001 -0.8949280638466948E-003  0.1111507871991791E+001 -0.2600636820033038E-001  0.9999786716841469E+000  0.2674721724938048E-002 -0.8007286102784651E-019  0.1825372020806571E+001  0.8546461835357928E-001  0.7314959575114259E-003  0.1203735107890683E+000 -0.1599381410732948E-001
                      124                        3                        0                       80 -0.9999999889514440E+000  0.4010180155070767E-001 -0.1016598853038093E-002  0.1165347538819542E+001 -0.2954208852329740E-001  0.9999786716841469E+000  0.5536314225962881E-002 -0.2957782394134082E-018  0.3436240489107611E+001  0.1743326457620694E+000  0.8040772438061694E-003  0.2476135429188410E+000 -0.3338437796164584E-001
                      125                        3                        0                       76 -0.9999999903989836E+000  0.4271257500827708E-001 -0.1007460949207971E-002  0.1241215911449803E+001 -0.2927654350221058E-001  0.9999786716841469E+000  0.1042805526193816E-001  0.2036668129543152E-020  0.5706828489233483E+001  0.2693638413063754E+000  0.9121820319188478E-003  0.4625895691936125E+000 -0.6371303556436146E-001
                      126                        3                        0                       78 -0.9999999881715722E+000  0.4137683614026653E-001 -0.9911811258752398E-003  0.1202399700153824E+001 -0.2880345622633778E-001  0.9999786716841469E+000  0.7441467838036202E-002 -0.1996827320568567E-018  0.4339345797888829E+001  0.2080170551293951E+000  0.8560212844892329E-003  0.3314784457865476E+000 -0.4520274410858482E-001
                      127                        3                        0                       79 -0.9999999906624243E+000  0.4074637745874104E-001 -0.1022661974268866E-002  0.1184078740884348E+001 -0.2971828119122309E-001  0.9999786716841469E+000  0.6613880043737482E-002  0.2249905549559515E-018  0.3976357951426329E+001  0.1997247980001431E+000  0.8301336380051014E-003  0.2951958233121376E+000 -0.4001706117910312E-001
                      128                        3                        0                       75 -0.9999999960458329E+000  0.4336401730403002E-001 -0.1110454299052043E-002  0.1260146648890083E+001 -0.3226950247448526E-001  0.9999786716841469E+000  0.1355083998142582E-001 -0.1697319565019922E-017  0.7192514009456139E+001  0.3686097700230822E+000  0.9402189983721107E-003  0.5998926494745190E+000 -0.8283131480633524E-001
                      129                        3                        0                       73 -0.9999999990762601E+000  0.4478066961655838E-001 -0.1315074966174423E-002  0.1301314183063839E+001 -0.3821572388105123E-001  0.9999786716841469E+000  0.2203063213074048E-001  0.3328681264905432E-020  0.1095847451849604E+002  0.6441911266773555E+000  0.1002654185653678E-002  0.9710927091977379E+000 -0.1348105259441823E+000
                      130                        3                        0                       77 -0.9999999831863297E+000  0.4201949940304106E-001 -0.9476035974544399E-003  0.1221075321263191E+001 -0.2753710500197186E-001  0.9999786716841469E+000  0.8222347261509071E-002  0.6876961424595367E-019  0.4650067678356222E+001  0.2098389691329295E+000  0.8828191650410832E-003  0.3655377804328370E+000 -0.5014918653366162E-001
                      131                        3                        0                       72 -0.9999999986180881E+000  0.4547486220082235E-001 -0.1301238768578868E-002  0.1321487232359788E+001 -0.3781364771012876E-001  0.9999786716841469E+000  0.2472282256494742E-001  0.1409685013891891E-017  0.1192659348778393E+002  0.6831055429469010E+000  0.1033981546091895E-002  0.1087575097416347E+001 -0.1516964714495415E+000
                      132                        3                        0                       74 -0.9999999975869844E+000  0.4410554152451633E-001 -0.1177728515200482E-002  0.1281695142770741E+001 -0.3422447305393578E-001  0.9999786716841469E+000  0.1695088264859203E-001 -0.2075858988441859E-019  0.8695707317345509E+001  0.4647255562609326E+000  0.9726493965854183E-003  0.7487216544136692E+000 -0.1037678291503931E+000
                      133                        3                        0                       69 -0.9999999955193265E+000  0.4707641243059644E-001 -0.1259587075509674E-002  0.1368027850147324E+001 -0.3660326074174091E-001  0.9999786716841469E+000  0.3148738972803825E-001 -0.4655513337509792E-018  0.1417833118966568E+002  0.7592607672830805E+000  0.1108094303667808E-002  0.1378884018354643E+001 -0.1943232768094388E+000
                      134                        3                        0                       68 -0.9999999938042260E+000  0.4787716581553396E-001 -0.1287561203937698E-002  0.1391297527574619E+001 -0.3741618137008222E-001  0.9999786716841469E+000  0.3673287944176939E-001 -0.8925726556219478E-018  0.1599129824639613E+002  0.8607308794591395E+000  0.1146111503264066E-002  0.1604995697409999E+001 -0.2270594065189941E+000
                      135                        3                        0                       67 -0.9999998645565388E+000  0.4926398049916134E-001 -0.9874378517408335E-003  0.1431597988298819E+001 -0.2869467768943985E-001  0.9999786716841469E+000  0.3505234507767931E-001  0.7102758307511238E-019  0.1442654926908295E+002  0.5785587648879714E+000  0.1213469887310873E-002  0.1525922299754765E+001 -0.2186235251618467E+000
                      136                        3                        0                       71 -0.9999999975756546E+000  0.4622095628789342E-001 -0.1276140844415756E-002  0.1343168525331045E+001 -0.3708430880210042E-001  0.9999786716841469E+000  0.2760486769340676E-001  0.2224189768361817E-017  0.1289266091327182E+002  0.7124649581200272E+000  0.1068188400083675E-002  0.1211778377238147E+001 -0.1698765012845802E+000
                      137                        3                        0                       66 -0.9999998749338643E+000  0.4992357308779356E-001 -0.1027627291554522E-002  0.1450765571052283E+001 -0.2986257197254823E-001  0.9999786716841469E+000  0.4029352337212426E-001  0.5036356036636003E-018  0.1614729296934130E+002  0.6650336598576966E+000  0.1246181574926133E-002  0.1750955761624028E+001 -0.2514524234449554E+000
                      138                        3                        0                       67 -0.9999999829806363E+000  0.4861860692739779E-001 -0.1216473138190273E-002  0.1412843606341120E+001 -0.3535038134976513E-001  0.9999786716841469E+000  0.3892427631809880E-001 -0.1286721439010893E-017  0.1643719647233962E+002  0.8230564726419070E+000  0.1181884469780404E-002  0.1697330030486238E+001 -0.2413749538700017E+000
                      139                        3                        0                       65 -0.9999999265413834E+000  0.5081281095400173E-001 -0.1120641269009426E-002  0.1476606583643712E+001 -0.3256553307432886E-001  0.9999786716841469E+000  0.4978472515003479E-001 -0.1284904611830811E-018  0.1925501255397979E+002  0.8497252836106677E+000  0.1290970878523560E-002  0.2158248672835403E+001 -0.3106516437951625E+000
                      140                        3                        0                       63 -0.9999999315796627E+000  0.5170872674360308E-001 -0.1133744190383172E-002  0.1502641654888113E+001 -0.3294630043598799E-001  0.9999786716841469E+000  0.5699193282678392E-001  0.3194310944390389E-018  0.2128566401129980E+002  0.9338497647937363E+000  0.1336896210722306E-002  0.2464914848774340E+001 -0.3560589190918086E+000
                      142                        3                        0                       61 -0.9999999511745203E+000  0.5354856632491908E-001 -0.1181383066356172E-002  0.1556106896972020E+001 -0.3433067332499813E-001  0.9999786716841469E+000  0.7509044208833561E-001 -0.4593957741881336E-017  0.2615066005477491E+002  0.1154427941509722E+001  0.1433724477727130E-002  0.3232445217645947E+001 -0.4698975115928204E+000
                      143                        3                        0                       62 -0.9999999453894233E+000  0.5260844458427445E-001 -0.1166187313622537E-002  0.1528787212711310E+001 -0.3388908884839399E-001  0.9999786716841469E+000  0.6588461744508321E-001 -0.8621428481813487E-018  0.2377172652315283E+002  0.1054428167711259E+001  0.1383824220788339E-002  0.2842924042258328E+001 -0.4119120377310428E+000
                      144                        3                        0                       59 -0.9999999758421382E+000  0.5571631737071642E-001 -0.1307730186142456E-002  0.1619101157785942E+001 -0.3800228655398748E-001  0.9999786716841469E+000  0.1057503258117883E+000  0.5411974245486262E-017  0.3401159543154812E+002  0.1597467110731941E+001  0.1552154010677195E-002  0.4527904387812178E+001 -0.6617558510079932E+000
                      145                        3                        0                       60 -0.9999999679656320E+000  0.5458511677938796E-001 -0.1246713589974107E-002  0.1586228773652552E+001 -0.3622916072366735E-001  0.9999786716841469E+000  0.8919157494502188E-001 -0.1174579689147789E-018  0.2988983644765291E+002  0.1366068786827437E+001  0.1489767486909711E-002  0.3829524232614014E+001 -0.5581384839940423E+000
                      146                        3                        0                       57 -0.9999999870586296E+000  0.5814905052659076E-001 -0.1522481497578179E-002  0.1689795727261034E+001 -0.4424290175237056E-001  0.9999786716841469E+000  0.1549467105599997E+000  0.3260295682417508E-017  0.4573322648635446E+002  0.2396453440540174E+001  0.1690656038572006E-002  0.6595940780390985E+001 -0.9677520245188873E+000
                      147                        3                        0                       56 -0.9999999890720687E+000  0.5948322973451648E-001 -0.1665525379304989E-002  0.1728566615255541E+001 -0.4839971838073948E-001  0.9999786716841469E+000  0.1894569469001403E+000 -0.1171462258899072E-016  0.5342295652852579E+002  0.2994023209258919E+001  0.1769127309824632E-002  0.8040136014371056E+001 -0.1181274577244852E+001
                      148                        3                        0                       58 -0.9999999832746086E+000  0.5691110612254278E-001 -0.1407072978271009E-002  0.1653821396715595E+001 -0.4088916130349429E-001  0.9999786716841469E+000  0.1279653276606281E+000 -0.6049038007417009E-018  0.3943934605706365E+002  0.1951392950790493E+001  0.1619437000045669E-002  0.5463327405459055E+001 -0.8001600535991306E+000
                      149                        3                        0                       54 -0.9999999888480792E+000  0.6103030291883704E-001 -0.1821963864364183E-002  0.1773524144793010E+001 -0.5294577856982771E-001  0.9999786716841469E+000  0.2339121780442755E+000  0.9467529125560850E-017  0.6263665772558442E+002  0.3743173703192310E+001  0.1862348937182505E-002  0.9892029241351484E+001 -0.1455505795666542E+001
                      150                        3                        0                       53 -0.9999927350716548E+000  0.6289149349087515E-001 -0.7582962647154345E-003  0.1827609840909585E+001 -0.2203588496304324E-001  0.9999786716841469E+000  0.1443254043761546E+000 -0.7807517490833875E-017  0.3647517002126986E+002  0.8797079126312779E+000  0.1977669976756399E-002  0.6078269194796064E+001 -0.9122707321289201E+000
                      151                        3                        0                       54 -0.9999999999516975E+000  0.6089615112877646E-001 -0.2854322785577003E-002  0.1769625729950534E+001 -0.8294585042426855E-001  0.9999786716841469E+000  0.3380064713580727E+000 -0.4096702797156622E-017  0.9055485621304351E+002  0.8507660115098460E+001  0.1854170611149393E-002  0.1429775140682284E+002 -0.2070300203640812E+001
                      153                        3                        0                       52 -0.9999999453096997E+000  0.6426519282049278E-001 -0.1671165225623381E-002  0.1867529172983077E+001 -0.4856361079385584E-001  0.9999786716841469E+000  0.2849738522425210E+000  0.5649441183041338E-019  0.6886526660722224E+002  0.3583995802453589E+001  0.2065007504127554E-002  0.1196645087361759E+002 -0.1776895997989563E+001
                      154                        3                        0                       53 -0.9999999366297749E+000  0.6265785732657252E-001 -0.1630704365608725E-002  0.1820820436979563E+001 -0.4738782911290117E-001  0.9999786716841469E+000  0.2458242432048403E+000  0.3556035591350725E-018  0.6249122431527086E+002  0.3254939573445346E+001  0.1963003542378560E-002  0.1035846335375513E+002 -0.1534108722285619E+001
                      155                        3                        0                       50 -0.9999999630417815E+000  0.6571037399739728E-001 -0.1696820625699371E-002  0.1909525748262230E+001 -0.4930914980157797E-001  0.9999786716841469E+000  0.3217407662231986E+000 -0.1351262018218747E-017  0.7436992021846956E+002  0.3843430264676065E+001  0.2158926625438911E-002  0.1346901588875210E+002 -0.2004470914640904E+001
                      156                        3                        0                       49 -0.9999999662208093E+000  0.6718044121892400E-001 -0.1660877136539924E-002  0.1952245505287092E+001 -0.4826464169947730E-001  0.9999786716841469E+000  0.3524352084074565E+000  0.1780834999123723E-016  0.7795161476265507E+002  0.3856694675939553E+001  0.2256605841184655E-002  0.1470885264546700E+002 -0.2195281447378712E+001
                      157                        3                        0                       48 -0.9999999683915262E+000  0.6877299214804103E-001 -0.1618550372850072E-002  0.1998524605824373E+001 -0.4703463736089926E-001  0.9999786716841469E+000  0.3864625917151245E+000 -0.3207321772943354E-016  0.8157889758821813E+002  0.3841994823213285E+001  0.2364862224497257E-002  0.1607652248907024E+002 -0.2406253395180600E+001
                      159                        3                        0                       47 -0.9999999758202909E+000  0.7049225052373968E-001 -0.1641347446546436E-002  0.2048485790590147E+001 -0.4769711417483374E-001  0.9999786716841469E+000  0.4371472473266967E+000  0.1370072226086002E-016  0.8783477397758026E+002  0.4092523406633868E+001  0.2484578691950839E-002  0.1812249803863501E+002 -0.2717445198496101E+001
                      162                        3                        0                       46 -0.9999999827927560E+000  0.7229885636417280E-001 -0.1705018508239999E-002  0.2100985269126133E+001 -0.4954737805748746E-001  0.9999786716841469E+000  0.5022308654178784E+000 -0.2202672622690764E-018  0.9592764776406314E+002  0.4527027228171741E+001  0.2613562315783647E-002  0.2074715432136869E+002 -0.3114404946432617E+001
                      165                        3                        0                       45 -0.9999999856956243E+000  0.7422215745046262E-001 -0.1782616941655546E-002  0.2156875880037533E+001 -0.5180236760659074E-001  0.9999786716841469E+000  0.5795108398762803E+000  0.3976432214289878E-017  0.1050196899183231E+003  0.5047493890474620E+001  0.2754464328300631E-002  0.2385165644545109E+002 -0.3583059866246681E+001
                      166                        3                        0                       44 -0.9999999852156619E+000  0.7625435744935746E-001 -0.1891256818924220E-002  0.2215931063982489E+001 -0.5495941314312654E-001  0.9999786716841469E+000  0.6744448295780228E+000 -0.4054999829192012E-017  0.1157826587433708E+003  0.5746806808766867E+001  0.2907363515007187E-002  0.2765378555336283E+002 -0.4154781776206771E+001
                      167                        3                        0                       43 -0.9999999877225970E+000  0.7839660813572588E-001 -0.2037089822693414E-002  0.2278184291228083E+001 -0.5919728090590518E-001  0.9999786716841469E+000  0.7913741157445872E+000  0.8834957522338148E-016  0.1285095756900863E+003  0.6683004276535353E+001  0.3073014083593284E-002  0.3232172608964000E+002 -0.4853448266217825E+001
                      168                        3                        0                       42 -0.9999999924406395E+000  0.8060781395579289E-001 -0.2273472475180416E-002  0.2342441336063843E+001 -0.6606649704191946E-001  0.9999786716841469E+000  0.9462212024652658E+000  0.2472615739434435E-017  0.1452880545890016E+003  0.8201967654337523E+001  0.3248809835365856E-002  0.3849497995933842E+002 -0.5769530125133897E+001
                      169                        3                        0                       41 -0.9999999955569308E+000  0.8269912491898579E-001 -0.2533627362714239E-002  0.2403214268690860E+001 -0.7362652791774092E-001  0.9999786716841469E+000  0.1116016810034376E+001 -0.1420758657156460E-016  0.1627323867847889E+003  0.9980530421856766E+001  0.3419572631183010E-002  0.4523905566957381E+002 -0.6763830913585786E+001
                      170                        3                        0                       40 -0.9999999922238404E+000  0.8480277664763312E-001 -0.2468923790401300E-002  0.2464345820634051E+001 -0.7174625955492506E-001  0.9999786716841469E+000  0.1201221309141959E+001  0.1174411538537474E-016  0.1666197564487139E+003  0.9710069277142077E+001  0.3595755463574174E-002  0.4851646714247313E+002 -0.7262248608404033E+001
                      171                        3                        0                       39 -0.9999999783809148E+000  0.8722731112457333E-001 -0.2285849013295855E-002  0.2534802138710254E+001 -0.6642615590197579E-001  0.9999786716841469E+000  0.1264102765957497E+001  0.2073451369662180E-016  0.1658099415600751E+003  0.8696288178550510E+001  0.3804301903011557E-002  0.5084579434179936E+002 -0.7627616286593610E+001
                      172                        3                        0                       38 -0.9999999483812753E+000  0.8982221445173795E-001 -0.2137134589464128E-002  0.2610209329630647E+001 -0.6210455484921185E-001  0.9999786716841469E+000  0.1342490215180118E+001  0.7524244332272464E-016  0.1661245844269063E+003  0.7909660253143143E+001  0.4034015104506989E-002  0.5376603819147937E+002 -0.8076621865529413E+001
                      173                        3                        0                       37 -0.9999998847831264E+000  0.9254220476398124E-001 -0.2027066242855880E-002  0.2689251514605246E+001 -0.5890599837888304E-001  0.9999786716841469E+000  0.1438615804727755E+001 -0.7749619321092430E-016  0.1677520608785364E+003  0.7352487836920962E+001  0.4282029831289312E-002  0.5736168499812353E+002 -0.8620761639475246E+001
                      174                        3                        0                       36 -0.9999998026666765E+000  0.9536859746195281E-001 -0.1987132600134039E-002  0.2771385724215601E+001 -0.5774553749028300E-001  0.9999786716841469E+000  0.1569811777302187E+001  0.2597623520429135E-016  0.1723848010963615E+003  0.7186853139149838E+001  0.4547584690930006E-002  0.6231339888532920E+002 -0.9357954981610263E+001
                      175                        3                        0                       35 -0.9999997451217374E+000  0.9832680797032135E-001 -0.2003817860861865E-002  0.2857350523848813E+001 -0.5823040666752302E-001  0.9999786716841469E+000  0.1739030320240662E+001 -0.4049099634508259E-016  0.1796594215150507E+003  0.7325658006712992E+001  0.4834080582816235E-002  0.6871614536938974E+002 -0.1030090373333779E+002
                      176                        3                        0                       33 -0.9999997499069401E+000  0.1014511531341424E+000 -0.2076648836380948E-002  0.2948143151767976E+001 -0.6034685517579439E-001  0.9999786716841469E+000  0.1955095154605137E+001 -0.3947859607254546E-016  0.1897299280145965E+003  0.7770583417791667E+001  0.5146168236123613E-002  0.7689169926773974E+002 -0.1149340907691604E+002
                      178                        3                        0                       32 -0.9999998079501391E+000  0.1048393675511369E+000 -0.2210329646674506E-002  0.3046603749026801E+001 -0.6423158347325042E-001  0.9999786716841469E+000  0.2234113144685228E+001  0.1726214781890371E-015  0.2030042288906752E+003  0.8563686375113081E+001  0.5495646494261206E-002  0.8743028532265542E+002 -0.1301543470715359E+002
                      179                        3                        0                       30 -0.9999999221559677E+000  0.1127804656978917E+000 -0.2653821439184897E-002  0.3277369919697298E+001 -0.7711933536726803E-001  0.9999786716841469E+000  0.3040226251219735E+001  0.1125689690708276E-015  0.2386407359273061E+003  0.1123706470005392E+002  0.6359716721516649E-002  0.1176556905775799E+003 -0.1730024661010764E+002
                      180                        3                        0                       29 -0.9999999510783094E+000  0.1173588342591956E+000 -0.2992028695313528E-002  0.3410416075441147E+001 -0.8694754702608952E-001  0.9999786716841469E+000  0.3610503369640595E+001 -0.2489904737442932E-016  0.2616478691535993E+003  0.1334994598953047E+002  0.6886547989338677E-002  0.1388651495032385E+003 -0.2024052208089358E+002
                      181                        3                        0                       28 -0.9999999714273804E+000  0.1223342955734205E+000 -0.3529131195122284E-002  0.3555001639500960E+001 -0.1025556008302187E+000  0.9999786716841469E+000  0.4392428608454932E+001  0.2997751080398898E-016  0.2927870783746745E+003  0.1690686505036035E+002  0.7482839936722514E-002  0.1678485841400496E+003 -0.2417729443219635E+002
                      182                        3                        0                       27 -0.9999999890611707E+000  0.1274869757322329E+000 -0.4684199941533985E-002  0.3704737135393921E+001 -0.1361215871138074E+000  0.9999786716841469E+000  0.5663825428321442E+001  0.1195895656658126E-015  0.3470943015522790E+003  0.2554076164934044E+002  0.8126464490675495E-002  0.2150733625945332E+003 -0.3040645499629161E+002
                      184                        3                        0                       26 -0.9999999922325333E+000  0.1312421866550985E+000 -0.5283323522356123E-002  0.3813862552145489E+001 -0.1535319568069742E+000  0.9999786716841469E+000  0.6469789979097186E+001 -0.1780537121460496E-015  0.3738180007482947E+003  0.3014590975335196E+002  0.8612255779005864E-002  0.2445533093490048E+003 -0.3417105935706154E+002
                      185                        3                        0                       25 -0.9999999531823694E+000  0.1367894681784253E+000 -0.4235580280318603E-002  0.3975065057279175E+001 -0.1230848207380540E+000  0.9999786716841469E+000  0.6322846730865034E+001 -0.1688372577663157E-015  0.3369660411074586E+003  0.2088781661994018E+002  0.9355679302268225E-002  0.2372194923420881E+003 -0.3315545209191089E+002
                      186                        3                        0                       23 -0.9999995495010582E+000  0.1503829348300601E+000 -0.3597416484565696E-002  0.4370087532428514E+001 -0.1045399529269652E+000  0.9999786716841469E+000  0.7171634540106533E+001 -0.1173799008232045E-016  0.3165944697586758E+003  0.1515563340363058E+002  0.1130751354405106E-001  0.2644970933257297E+003 -0.3617928575918663E+002
                      187                        3                        0                       22 -0.9999961864079164E+000  0.1565756325587917E+000 -0.2441886528903854E-002  0.4550045658442018E+001 -0.7096056402694165E-001  0.9999786716841469E+000  0.6420407467079804E+001  0.1289380764059259E-016  0.2617129391703309E+003  0.8165108533000915E+001  0.1225796435559291E-001  0.2348829724834227E+003 -0.3201901194009764E+002
                      188                        3                        0                       21 -0.9999986152708901E+000  0.1610322882737784E+000 -0.3280477224993855E-002  0.4679554871694162E+001 -0.9532978351274811E-001  0.9999786716841469E+000  0.7916480195483962E+001  0.1191133773327359E-016  0.3049252085707684E+003  0.1242874300409771E+002  0.1296569893334463E-001  0.2881784508165339E+003 -0.3855055601811631E+002
                      189                        3                        0                       20 -0.9999998165706534E+000  0.1689005844042989E+000 -0.4682891660532452E-002  0.4908205435405399E+001 -0.1360835688207067E+000  0.9999786716841469E+000  0.1045776660372077E+002 -0.4887423227096767E-016  0.3657657390484682E+003  0.2029783659929826E+002  0.1426370370605685E-001  0.3773788689662582E+003 -0.4877679667585537E+002
                      190                        3                        0                       19 -0.9999999555915383E+000  0.1779357926955510E+000 -0.6075049601417934E-002  0.5170766151826546E+001 -0.1765393031599125E+000  0.9999786716841469E+000  0.1322258305553220E+002  0.4213732956015953E-015  0.4161970792856152E+003  0.2845258995521218E+002  0.1583057316109704E-001  0.4723831550381780E+003 -0.5863028215316979E+002
                      191                        3                        0                       18 -0.9999999794130136E+000  0.1864556500983392E+000 -0.7330567461266649E-002  0.5418350910403496E+001 -0.2130243135918903E+000  0.9999786716841469E+000  0.1589755298065547E+002  0.2013375756117314E-015  0.4551909540740413E+003  0.3584736640677098E+002  0.1738285472679711E-001  0.5626037829806188E+003 -0.6701373641685109E+002
                      192                        3                        0                       17 -0.9999999564940324E+000  0.1964564618886889E+000 -0.6321878925211213E-002  0.5708971804114337E+001 -0.1837120967469355E+000  0.9999786716841469E+000  0.1630521412385562E+002  0.7459295746058209E-015  0.4211848178043771E+003  0.2713515077968315E+002  0.1929757070891093E-001  0.5698362614419382E+003 -0.6614859291612709E+002
                      193                        3                        0                       16 -0.9999999191650014E+000  0.2093652302255619E+000 -0.5426811382879698E-002  0.6084097130879142E+001 -0.1577016753394494E+000  0.9999786716841469E+000  0.1702317091747526E+002  0.5569104067054949E-015  0.3876000651374752E+003  0.2010692802113996E+002  0.2191689981370128E-001  0.5853543556972488E+003 -0.6511917045294767E+002
                      194                        3                        0                       15 -0.9999998928942119E+000  0.2244626124573251E+000 -0.5043639464996343E-002  0.6522822987226428E+001 -0.1465668027356461E+000  0.9999786716841469E+000  0.1865428771673227E+002 -0.2544694863631283E-015  0.3697095231675875E+003  0.1662302795661864E+002  0.2519173219558368E-001  0.6293504883430973E+003 -0.6554721398611633E+002
                      195                        3                        0                       13 -0.9999999332049937E+000  0.2611946372755226E+000 -0.6626321880710845E-002  0.7590245722926176E+001 -0.1925591269346898E+000  0.9999786716841469E+000  0.2798835784526812E+002  0.2116714655132919E-015  0.4094852506863211E+003  0.2079011598271462E+002  0.3411131927074582E-001  0.9006905079477308E+003 -0.7268512331695661E+002
                      196                        3                        0                       12 -0.9999999530466066E+000  0.2809846522104646E+000 -0.7972942037051171E-002  0.8165338220166607E+001 -0.2316915455351777E+000  0.9999786716841469E+000  0.3485767196812962E+002  0.1162967782558194E-014  0.4404657716783415E+003  0.2501661862107574E+002  0.3947618738891789E-001  0.1091914395881347E+004 -0.7166236174344991E+002
                      197                        3                        0                       11 -0.9999804169666192E+000  0.3037191534811647E+000 -0.6437913057124709E-002  0.8825996696285184E+001 -0.1870840173294429E+000  0.9999786716841469E+000  0.3599046360605904E+002 -0.3313778662648736E-015  0.3896598182236569E+003  0.1652662528119296E+002  0.4612266209565769E-001  0.1088157965123749E+004 -0.5630847041931410E+002
                      198                        3                        0                       10 -0.9998517751151127E+000  0.3322140555434901E+000 -0.4816973719713040E-002  0.9654050866002375E+001 -0.1399799573026151E+000  0.9999786716841469E+000  0.3651697663470910E+002  0.1628996586814606E-014  0.3306836953606252E+003  0.9591555363410587E+001  0.5518308935032655E-001  0.1052722563222880E+004 -0.3425715048243021E+002
                      199                        3                        0                        9 -0.9998093084728606E+000  0.3637962403816851E+000 -0.3616087515198740E-002  0.1057182064063947E+002 -0.1050825280421488E+000  0.9999786716841469E+000  0.3718132215702072E+002  0.1444411330418776E-015  0.2808713093490119E+003  0.5584123960800382E+001  0.6617385225792435E-001  0.1012511535025726E+004 -0.8828817219022536E+001
                      200                        3                        0                        8 -0.9988503869785734E+000  0.3987587244773027E+000 -0.1374112704590361E-002  0.1158782100013270E+002 -0.3993134463872441E-001  0.9999786716841469E+000  0.2703970106039241E+002 -0.4434147087712552E-015  0.1700564372617488E+003  0.1171941396808792E+001  0.7950426017338261E-001  0.6867677598292449E+003  0.1187930674059949E+002
                      201                        3                        0                        7 -0.9787104236337344E+000  0.4476765550456532E+000 -0.2331238982417825E-003  0.1300935996478833E+002 -0.6774517616435723E-002  0.9999786716841469E+000  0.1374320602815535E+002 -0.2275028857490968E-015  0.6857790417941240E+002  0.7137854653927936E-001  0.1002071489687717E+000  0.3139787690423745E+003  0.1862565923146973E+002
                      202                        3                        0                        6 -0.8935148865797771E+000  0.5178750337410021E+000 -0.3802266426153241E-004  0.1504930882526683E+002 -0.1104928369876605E-002  0.9999786716841469E+000  0.7305603901288616E+001 -0.7999546948147129E-017  0.2724113321632322E+002  0.4007387706565328E-002  0.1340972752861219E+000  0.1407644844041008E+003  0.1757557316068426E+002
                      203                        3                        0                        5 -0.6550612609243539E+000  0.6167598289592632E+000 -0.7663589943855375E-005  0.1792287430806847E+002 -0.2227018571298189E-003  0.9999786716841469E+000  0.4684172283380772E+001  0.1380486482239210E-016  0.1231405774165873E+002  0.3585304682468012E-003  0.1901963433089301E+000  0.6862951090627224E+002  0.1497551878752376E+002
                      204                        3                        0                        4 -0.4197549344200855E+000  0.7548181851288067E+000 -0.1803832310475896E-005  0.2193481290818880E+002 -0.5241888050336626E-004  0.9999786716841469E+000  0.3562077665190102E+001  0.1104613940553436E-017  0.6251074987417321E+001  0.1278717890638940E-003  0.2848752463005722E+000  0.3366113416670591E+002  0.1170070780136354E+002
                      205                        3                        0                        3 -0.3241838912090669E+000  0.9507226347642508E+000 -0.4633132792610582E-006  0.2762774338508486E+002 -0.1346375895373602E-004  0.9999786716841469E+000  0.3004559445217553E+001 -0.2113372687776652E-016  0.3322217332712843E+001  0.1141262328165756E-003  0.4519367641265387E+000  0.1324503871770315E+002  0.7551204805060956E+001
