                                                                                                                                                                                                                                                                



                        1                        2                        3                        4                        5                        6                        7                        8                        9                       10                       11                       12                       13                       14                       15                       16                       17
                        j                        l                      n_p                      n_g                      eta                Re(omega)                Im(omega)                 Re(freq)                 Im(freq)                    x_ref             Re(xi_r_ref)             Im(xi_r_ref)             Re(xi_h_ref)             Im(xi_h_ref)                        H            Re(lag_L_ref)            Im(lag_L_ref)
                        1                        1                        0                      273 -0.9995726544958908E+000  0.8288944085128896E-001 -0.1084669036209392E-003  0.1009339096734298E+001 -0.1320794125306523E-002  0.9999947265062832E+000  0.4438880035269772E+000 -0.1011950341904085E-016  0.6460812310001619E+002  0.1695978719313434E+000  0.3435329702319659E-002  0.3137683759558142E+002 -0.9260328514948499E+001
                        2                        1                        0                      270 -0.9995504894341086E+000  0.8381652661061242E-001 -0.1062417308378523E-003  0.1020628157117630E+001 -0.1293698347317284E-002  0.9999947265062832E+000  0.4501628655592966E+000  0.1365932738429694E-016  0.6407898564415346E+002  0.1627446532254023E+000  0.3512605066533743E-002  0.3160954596222539E+002 -0.9349177192344568E+001
                        3                        1                        0                      265 -0.9983712533589395E+000  0.8541894732981729E-001 -0.1012930572571537E-003  0.1040140725482186E+001 -0.1233438684920278E-002  0.9999947265062832E+000  0.4521433426083050E+000  0.4451152985312497E-016  0.6196956065174889E+002  0.1478787297059138E+000  0.3648198281467053E-002  0.3138687921660881E+002 -0.9317420008587680E+001
                        4                        1                        0                      262 -0.9957264953853714E+000  0.8640853433036232E-001 -0.9908666529747883E-004  0.1052190859238813E+001 -0.1206571599743344E-002  0.9999947265062832E+000  0.4589595727416708E+000  0.2268074703443853E-016  0.6147137949310756E+002  0.1414365893769454E+000  0.3733217402560715E-002  0.3163497859006353E+002 -0.9412317738538846E+001
                        5                        1                        0                      259 -0.9920372732613552E+000  0.8741909946993344E-001 -0.9768933424073967E-004  0.1064496442370878E+001 -0.1189556394282154E-002  0.9999947265062832E+000  0.4711697076688713E+000  0.3581913027448612E-017  0.6165589698209600E+002  0.1383316484920682E+000  0.3821049476067069E-002  0.3224214016755202E+002 -0.9614346380437434E+001
                        6                        1                        0                      254 -0.9847321090494701E+000  0.8916306644601309E-001 -0.9238624483095502E-004  0.1085732609900693E+001 -0.1124981034383463E-002  0.9999947265062832E+000  0.4696700031167048E+000  0.1381523025246780E-016  0.5907977721193674E+002  0.1236203084997531E+000  0.3975026209028087E-002  0.3174063501601080E+002 -0.9500882327324019E+001
                        7                        1                        0                      251 -0.9787726123538075E+000  0.9024272320388556E-001 -0.9124621269474399E-004  0.1098879516980561E+001 -0.1111098940418373E-002  0.9999947265062832E+000  0.4857189272515385E+000  0.8251419415460604E-017  0.5964245138667866E+002  0.1192340487679821E+000  0.4071874545626549E-002  0.3257015617110870E+002 -0.9772832599880376E+001
                        8                        1                        0                      246 -0.9692972444248572E+000  0.9209010479329713E-001 -0.8585359049183562E-004  0.1121374957239659E+001 -0.1045433345773115E-002  0.9999947265062832E+000  0.4822315564087233E+000 -0.1712281602764196E-016  0.5686213413146070E+002  0.1046206818256135E+000  0.4240293700420205E-002  0.3191055911208764E+002 -0.9612008138923601E+001
                        9                        1                        0                      243 -0.9615071312617741E+000  0.9325151529504523E-001 -0.8419426889332974E-004  0.1135517374111252E+001 -0.1025227899262353E-002  0.9999947265062832E+000  0.4953074754568013E+000 -0.3176075122290317E-016  0.5696095634545278E+002  0.1036430889465842E+000  0.4347922552411024E-002  0.3250595203108230E+002 -0.9812627116010949E+001
                       10                        1                        0                      241 -0.9583894654673858E+000  0.9401325346212608E-001 -0.8124045532110188E-004  0.1144793008083603E+001 -0.9892595118260951E-003  0.9999947265062832E+000  0.4837649297044893E+000 -0.1000177154169072E-016  0.5473282356003286E+002  0.9317213583262059E-001  0.4419245913266996E-002  0.3157346413639763E+002 -0.9547009319890849E+001
                       11                        1                        0                      236 -0.9435510002458189E+000  0.9602947136342545E-001 -0.7841731177618494E-004  0.1169344356656072E+001 -0.9548822844457100E-003  0.9999947265062832E+000  0.5053939767404249E+000 -0.1096571119027332E-016  0.5480293983141427E+002  0.8739646797043606E-001  0.4610829685169471E-002  0.3251114758308234E+002 -0.9868095462994917E+001
                       12                        1                        0                      233 -0.9377940475220098E+000  0.9726679187414995E-001 -0.7485471571750565E-004  0.1184411124556052E+001 -0.9115007939812269E-003  0.9999947265062832E+000  0.4949881835234604E+000 -0.1917936854770547E-017  0.5232150357307579E+002  0.8126261614913291E-001  0.4730414400744611E-002  0.3156341953737110E+002 -0.9600302728370401E+001
                       13                        1                        0                      230 -0.9294514002978731E+000  0.9857010822580529E-001 -0.7239711430283039E-004  0.1200281519332860E+001 -0.8815747483167184E-003  0.9999947265062832E+000  0.4981570473469318E+000 -0.2723059435735260E-016  0.5127306527703276E+002  0.7600875684732054E-001  0.4858033117823496E-002  0.3147024849691575E+002 -0.9593564772382159E+001
                       14                        1                        0                      225 -0.9120913405642825E+000  0.1007639262600632E+000 -0.6921699381221556E-004  0.1226995492673203E+001 -0.8428506368914512E-003  0.9999947265062832E+000  0.5171709734743510E+000  0.3108109528444862E-016  0.5093575039477687E+002  0.6950303638653578E-001  0.5076684417671727E-002  0.3216106715713087E+002 -0.9839825852200240E+001
                       15                        1                        0                      222 -0.9060972563407415E+000  0.1021391690584886E+000 -0.6611814343632203E-004  0.1243741730911718E+001 -0.8051161461385139E-003  0.9999947265062832E+000  0.5082771824075890E+000  0.7040939657898219E-017  0.4872242087245553E+002  0.6352583335337619E-001  0.5216204927979234E-002  0.3129964807156516E+002 -0.9595922890051016E+001
                       16                        1                        0                      219 -0.8944520368457782E+000  0.1035512000842203E+000 -0.6464646889252983E-004  0.1260935936897857E+001 -0.7871956650800994E-003  0.9999947265062832E+000  0.5225224785603549E+000  0.2325683803232500E-016  0.4873142809666303E+002  0.6136047480950048E-001  0.5361425519441147E-002  0.3185376042762934E+002 -0.9785431129914256E+001
                       17                        1                        0                      214 -0.8770768787130353E+000  0.1059789483821333E+000 -0.6120193147910922E-004  0.1290498463185253E+001 -0.7452517667279922E-003  0.9999947265062832E+000  0.5348863728636135E+000 -0.3861744036371144E-016  0.4762341743208164E+002  0.5444016429038200E-001  0.5615768750091440E-002  0.3204524792388523E+002 -0.9876644393094503E+001
                       18                        1                        0                      211 -0.8675534858286085E+000  0.1075081080030594E+000 -0.5922824119624573E-004  0.1309118936127242E+001 -0.7212182740794807E-003  0.9999947265062832E+000  0.5396322864403982E+000 -0.3816305119066255E-016  0.4669190124126757E+002  0.5255477368617042E-001  0.5778996643198740E-002  0.3198082394264808E+002 -0.9873697659537214E+001
                       19                        1                        0                      208 -0.8535849291189167E+000  0.1090784832943764E+000 -0.5777652395214603E-004  0.1328241289490868E+001 -0.7035408117052076E-003  0.9999947265062832E+000  0.5567943488275733E+000 -0.9364273903976294E-017  0.4679323886562481E+002  0.4743094553963596E-001  0.5949057758900775E-002  0.3262508606999776E+002 -0.1009239824663980E+002
                       20                        1                        0                      203 -0.8382956413615398E+000  0.1117931479650096E+000 -0.5390326772684495E-004  0.1361297576979999E+001 -0.6563764334717997E-003  0.9999947265062832E+000  0.5599821784529256E+000 -0.3875531506797292E-016  0.4480450666502650E+002  0.4187106792745322E-001  0.6248853965963268E-002  0.3218371414906888E+002 -0.9981969596969837E+001
                       21                        1                        0                      200 -0.8215116062698584E+000  0.1134708556652717E+000 -0.5254620884024582E-004  0.1381726909804245E+001 -0.6398516194937123E-003  0.9999947265062832E+000  0.5820448698532179E+000  0.3508532950661518E-017  0.4520444210407393E+002  0.4102991978122272E-001  0.6437817542704467E-002  0.3305550349798477E+002 -0.1026643724496400E+002
                       22                        1                        0                      195 -0.8116262890817206E+000  0.1163960509966972E+000 -0.4843063110683852E-004  0.1417346814864161E+001 -0.5897365086989636E-003  0.9999947265062832E+000  0.5725671555775675E+000  0.8509953953051143E-017  0.4225920800690201E+002  0.3341219092470759E-001  0.6774020343812854E-002  0.3184521328577091E+002 -0.9912233582773998E+001
                       23                        1                        0                      192 -0.7937724561731799E+000  0.1182127502861224E+000 -0.4716017557639028E-004  0.1439468638838291E+001 -0.5742662579122040E-003  0.9999947265062832E+000  0.5960695271843627E+000 -0.1900561868105555E-016  0.4265744116390949E+002  0.3505869816720438E-001  0.6987127165104557E-002  0.3273154047571287E+002 -0.1019640593262789E+002
                       24                        1                        0                      189 -0.7812425422376550E+000  0.1200767281601036E+000 -0.4550859401570450E-004  0.1462166170928443E+001 -0.5541550613167732E-003  0.9999947265062832E+000  0.6070016100727444E+000 -0.6306223029566583E-016  0.4209566787688627E+002  0.3010905553558911E-001  0.7209210322817730E-002  0.3288796538346967E+002 -0.1025646432278506E+002
                       25                        1                        0                      184 -0.7637276987227646E+000  0.1233682161770972E+000 -0.4249876681629431E-004  0.1502246397165516E+001 -0.5175045997431534E-003  0.9999947265062832E+000  0.6174578381224606E+000 -0.6985478306493541E-018  0.4056497257694408E+002  0.2574778658020710E-001  0.7609858381359515E-002  0.3268057703379358E+002 -0.1020334025660874E+002
                       26                        1                        0                      181 -0.7566704271848139E+000  0.1254323359188150E+000 -0.4063961226203410E-004  0.1527381043198352E+001 -0.4948658008899544E-003  0.9999947265062832E+000  0.6175073599201493E+000  0.3348430115733698E-016  0.3925033062529199E+002  0.2586755123609482E-001  0.7866635447025256E-002  0.3221400292434724E+002 -0.1005941792458520E+002
                       27                        1                        0                      178 -0.7417613047505315E+000  0.1275575160881763E+000 -0.3911807092615416E-004  0.1553259217915312E+001 -0.4763380952880283E-003  0.9999947265062832E+000  0.6336835157438315E+000 -0.1134358649415215E-016  0.3894231973308343E+002  0.2237601091458219E-001  0.8135459955292667E-002  0.3255906318309627E+002 -0.1017055283592275E+002
                       28                        1                        0                      173 -0.7233130633963267E+000  0.1312779029553768E+000 -0.3644802680735804E-004  0.1598562116348169E+001 -0.4438251492308648E-003  0.9999947265062832E+000  0.6489976986773022E+000  0.2413378661285972E-016  0.3765709971772778E+002  0.2033671275350511E-001  0.8616943902180662E-002  0.3248172529472087E+002 -0.1014306302633230E+002
                       29                        1                        0                      170 -0.7152579905286183E+000  0.1336112994389509E+000 -0.3471988702955374E-004  0.1626975726994658E+001 -0.4227817084204847E-003  0.9999947265062832E+000  0.6525810522786898E+000 -0.6096620189913759E-017  0.3655763095804561E+002  0.1964698755482750E-001  0.8925989668882557E-002  0.3213048983838268E+002 -0.1002732742528829E+002
                       30                        1                        0                      167 -0.7151054727271807E+000  0.1359944536172173E+000 -0.3282645994267031E-004  0.1655995233713077E+001 -0.3997255752631156E-003  0.9999947265062832E+000  0.6419050288968662E+000 -0.3139752893192042E-016  0.3470602152827212E+002  0.1593976005649769E-001  0.9247245707322735E-002  0.3107360663316084E+002 -0.9691448769000043E+001
                       31                        1                        0                      162 -0.6877567190938351E+000  0.1401717580686430E+000 -0.3078108779309022E-004  0.1706861986564634E+001 -0.3748192173876113E-003  0.9999947265062832E+000  0.6777522806752310E+000 -0.4529803870818320E-017  0.3449343739422534E+002  0.1464194698506731E-001  0.9824060880027092E-002  0.3185833850303106E+002 -0.9916324956001153E+001
                       32                        1                        0                      159 -0.6771540433587183E+000  0.1427702226128272E+000 -0.2953418078305111E-004  0.1738503312998822E+001 -0.3596357153359749E-003  0.9999947265062832E+000  0.6907019857350815E+000 -0.1755284029858350E-016  0.3388573481923498E+002  0.1386960345329682E-001  0.1019166823245818E-001  0.3188039843391399E+002 -0.9906976254210749E+001
                       33                        1                        0                      156 -0.6732984371649721E+000  0.1455781092067508E+000 -0.2807797945757261E-004  0.1772694757522230E+001 -0.3419036506070220E-003  0.9999947265062832E+000  0.6916593079672445E+000  0.2234019112354281E-016  0.3263580626827006E+002  0.1232577206681645E-001  0.1059649294010631E-001  0.3130082993050209E+002 -0.9707211839289817E+001
                       34                        1                        0                      151 -0.6455912838554040E+000  0.1504108368341993E+000 -0.2612246566798276E-004  0.1831542553914089E+001 -0.3180914918837268E-003  0.9999947265062832E+000  0.7335174928756832E+000 -0.9229447479764835E-017  0.3242423069022656E+002  0.1149429088421528E-001  0.1131170991858205E-001  0.3209194854486463E+002 -0.9910057588750902E+001
                       35                        1                        0                      148 -0.6485072138667798E+000  0.1534989642929102E+000 -0.2468500652197123E-004  0.1869146472432105E+001 -0.3005876494023818E-003  0.9999947265062832E+000  0.7246139470384553E+000 -0.9265643585480565E-017  0.3074843079770362E+002  0.8381339448568743E-002  0.1178096601949812E-001  0.3101867890315531E+002 -0.9550332905235420E+001
                       36                        1                        0                      143 -0.6071333838421504E+000  0.1589284370544847E+000 -0.2280661800487842E-004  0.1935260793829724E+001 -0.2777146398889022E-003  0.9999947265062832E+000  0.7922666960291449E+000  0.4107209535086296E-017  0.3136510485704250E+002  0.8486147445797855E-002  0.1262912405229060E-001  0.3265940115051431E+002 -0.9990875270323720E+001
                       37                        1                        0                      140 -0.6131291438486933E+000  0.1622769714317365E+000 -0.2146220421734729E-004  0.1976035669724746E+001 -0.2613438044241253E-003  0.9999947265062832E+000  0.7786702127979875E+000 -0.2506302190587277E-016  0.2957192010120322E+002  0.8351289054363966E-002  0.1316690772852831E-001  0.3136517923229176E+002 -0.9551938795191532E+001
                       38                        1                        0                      137 -0.6227854831739295E+000  0.1658154204163924E+000 -0.2021610050531987E-004  0.2019123122907359E+001 -0.2461700840778690E-003  0.9999947265062832E+000  0.7614819519433049E+000 -0.1534132770805481E-016  0.2768967020023212E+002  0.5339770151294933E-002  0.1374737682393253E-001  0.2991987306687833E+002 -0.9068387396264205E+001
                       39                        1                        0                      132 -0.5865648956400284E+000  0.1720002066564822E+000 -0.1865961333218267E-004  0.2094434845280619E+001 -0.2272168453869315E-003  0.9999947265062832E+000  0.8305390553627585E+000 -0.2153554445095798E-016  0.2807020022064539E+002  0.5239190901954858E-002  0.1479203554493627E-001  0.3127051135582724E+002 -0.9386396866732040E+001
                       40                        1                        0                      129 -0.5859160221208715E+000  0.1759640208515249E+000 -0.1768649275833193E-004  0.2142701941766706E+001 -0.2153672221908209E-003  0.9999947265062832E+000  0.8371635985647865E+000 -0.1993904584178191E-016  0.2703452555667952E+002  0.4818986337105751E-002  0.1548166831711793E-001  0.3067213390794435E+002 -0.9145075543536635E+001
                       41                        1                        0                      126 -0.5739481150178120E+000  0.1801759614547989E+000 -0.1674753921473352E-004  0.2193990456689063E+001 -0.2039336486036691E-003  0.9999947265062832E+000  0.8656646900178441E+000 -0.2691452523374453E-016  0.2665890065591078E+002  0.3585549026634421E-002  0.1623168854308055E-001  0.3080708515980506E+002 -0.9117101016077635E+001
                       42                        1                        0                      121 -0.5738543198724679E+000  0.1877256181428667E+000 -0.1500570568667751E-004  0.2285922113893261E+001 -0.1827234599256713E-003  0.9999947265062832E+000  0.8743463654047918E+000 -0.2051778855124125E-016  0.2480602207467510E+002  0.3136275506366124E-002  0.1762045385356070E-001  0.2955297074194357E+002 -0.8619120152897780E+001
                       43                        1                        0                      118 -0.5542567455222828E+000  0.1925276978989751E+000 -0.1402316928405895E-004  0.2344396713235442E+001 -0.1707591808215717E-003  0.9999947265062832E+000  0.9166942296254584E+000 -0.2331146057639925E-016  0.2473366099239026E+002  0.3993517541151293E-002  0.1853345722913946E-001  0.2999706717897993E+002 -0.8661169413614132E+001
                       44                        1                        0                      115 -0.5494606643349065E+000  0.1975851949538830E+000 -0.1309528504245513E-004  0.2405981511693613E+001 -0.1594603973736938E-003  0.9999947265062832E+000  0.9346461261726156E+000  0.9431421662477679E-017  0.2394095690257318E+002  0.3142112472250048E-002  0.1951995463248195E-001  0.2954977325254914E+002 -0.8440010648330897E+001
                       45                        1                        0                      110 -0.5625234880527054E+000  0.2065668885914736E+000 -0.1157824072988116E-004  0.2515350985660440E+001 -0.1409874517194163E-003  0.9999947265062832E+000  0.9250648312308204E+000  0.1673644314660584E-016  0.2168103232928128E+002  0.2578504625794500E-002  0.2133493973118107E-001  0.2752831505371156E+002 -0.7703034904273125E+001
                       46                        1                        0                      107 -0.5584736816036029E+000  0.2122208300244278E+000 -0.1076148476038497E-004  0.2584198646837996E+001 -0.1310418697003187E-003  0.9999947265062832E+000  0.9444591691174513E+000  0.6615384879952037E-018  0.2097076734619698E+002  0.2128556923682203E-002  0.2251884034812850E-001  0.2705713487507097E+002 -0.7469326454775850E+001
                       47                        1                        0                      104 -0.5543654332658352E+000  0.2181560266371906E+000 -0.1003403550206817E-004  0.2656471133255346E+001 -0.1221837694432931E-003  0.9999947265062832E+000  0.9689775600636628E+000 -0.1380438469418089E-016  0.2036232007487323E+002  0.2097546838905113E-002  0.2379602597906333E-001  0.2668191735140665E+002 -0.7257617937946666E+001
                       48                        1                        0                       99 -0.5623871983042590E+000  0.2289353734226756E+000 -0.8925699384119351E-005  0.2787730507623269E+001 -0.1086876357418306E-003  0.9999947265062832E+000  0.9897051537378901E+000 -0.3603672236937242E-017  0.1888327619631307E+002  0.1430293319007659E-002  0.2620570260208998E-001  0.2536466989328569E+002 -0.6709110054734000E+001
                       49                        1                        0                       96 -0.5533672834730992E+000  0.2362094977953453E+000 -0.8200236369719673E-005  0.2876307026519272E+001 -0.9985372184220601E-004  0.9999947265062832E+000  0.1029994305677483E+001  0.8171356016360421E-017  0.1846193523507652E+002  0.1402699029167141E-002  0.2789746342436462E-001  0.2516025497028632E+002 -0.6525140323076768E+001
                       50                        1                        0                       93 -0.5730124144961779E+000  0.2438288883049667E+000 -0.7600294095201059E-005  0.2969087827736700E+001 -0.9254826547482937E-004  0.9999947265062832E+000  0.1017858486070170E+001  0.3002962956897654E-017  0.1711986305784898E+002  0.9829549986409786E-003  0.2972626338601810E-001  0.2364497787004678E+002 -0.6003544935585719E+001
                       51                        1                        0                       88 -0.5986666964530805E+000  0.2577151320878989E+000 -0.6629602758999100E-005  0.3138179676022211E+001 -0.8072822294073067E-004  0.9999947265062832E+000  0.1015548850583726E+001 -0.4655380215346804E-018  0.1529362111712560E+002  0.1002066356260430E-002  0.3320854465354170E-001  0.2154860958864934E+002 -0.5255679457077529E+001
                       52                        1                        0                       85 -0.5887993711828639E+000  0.2669016099812200E+000 -0.5990758252118172E-005  0.3250042793975312E+001 -0.7294905672961204E-004  0.9999947265062832E+000  0.1066479468167146E+001  0.1782850196630791E-016  0.1497010450100954E+002  0.5968242438377097E-003  0.3561823470528348E-001  0.2131178419065707E+002 -0.5057355962739647E+001
                       53                        1                        0                       80 -0.5842018815903304E+000  0.2832451551207217E+000 -0.4866886628025454E-005  0.3449057034138140E+001 -0.5926374822400625E-004  0.9999947265062832E+000  0.1110359621024172E+001 -0.1037962557482222E-016  0.1383779759259673E+002  0.3340123095523170E-003  0.4011390894968082E-001  0.1996184621572355E+002 -0.4503914338855810E+001
                       54                        1                        0                       77 -0.6380504875816713E+000  0.2938224037659580E+000 -0.4588223763202231E-005  0.3577855473165744E+001 -0.5587048942788674E-004  0.9999947265062832E+000  0.1041542535990116E+001 -0.5943686137094956E-017  0.1206646406460714E+002  0.4687173112324276E-003  0.4316580247740282E-001  0.1749877428542885E+002 -0.3817260561755548E+001
                       55                        1                        0                       74 -0.7044054193862226E+000  0.3050223203264983E+000 -0.4409262547509957E-005  0.3714236097146506E+001 -0.5369129084792066E-004  0.9999947265062832E+000  0.9505757234012743E+000  0.1569640338089083E-017  0.1021489541124301E+002  0.1926906110783427E-003  0.4651930794868031E-001  0.1485774036420412E+002 -0.3125215034561504E+001
                       56                        1                        0                       71 -0.7330540794699986E+000  0.3183660951875353E+000 -0.4125642157673064E-005  0.3876722338179648E+001 -0.5023766460610547E-004  0.9999947265062832E+000  0.9482328541241526E+000  0.3595640771774710E-017  0.9354596448669929E+001  0.2074629568686272E-003  0.5067848528247937E-001  0.1360932081628035E+002 -0.2738049367497883E+001
                       57                        1                        0                       68 -0.6794203833432367E+000  0.3326783261911639E+000 -0.3388856391859043E-005  0.4051001403945966E+001 -0.4126587433082038E-004  0.9999947265062832E+000  0.1086815106838801E+001  0.5048729310898614E-017  0.9820386301916376E+001  0.2112344198166166E-003  0.5533743435867711E-001  0.1423547230228230E+002 -0.2727225994594022E+001
                       58                        1                        0                       63 -0.7236127780942707E+000  0.3598849565951614E+000 -0.2923132503021748E-005  0.4382294696253506E+001 -0.3559478613841753E-004  0.9999947265062832E+000  0.1082348214831790E+001 -0.6238529183283225E-017  0.8356953189511778E+001  0.1364698115410390E-003  0.6475859099175052E-001  0.1190601080937213E+002 -0.2070477859423314E+001
                       59                        1                        0                       60 -0.6792723668687874E+000  0.3764564019638430E+000 -0.2353885387238979E-005  0.4584084062042753E+001 -0.2866310263612919E-004  0.9999947265062832E+000  0.1198593682143541E+001 -0.7829986879821467E-018  0.8456219375357538E+001  0.7437786118716952E-004  0.7085971128978140E-001  0.1184292014645113E+002 -0.1936314334963913E+001
                       60                        1                        0                       57 -0.7801331302399113E+000  0.3960832649115084E+000 -0.2402024222114682E-005  0.4823079040364126E+001 -0.2924928596192162E-004  0.9999947265062832E+000  0.1041654679254540E+001 -0.8859476963488143E-018  0.6637320785318660E+001  0.3556401074682238E-004  0.7844097637147988E-001  0.9050294029224903E+001 -0.1371014609578910E+001
                       61                        1                        0                       52 -0.8194195282003532E+000  0.4337251154981228E+000 -0.2012393779091673E-005  0.5281441300747379E+001 -0.2450478249583372E-004  0.9999947265062832E+000  0.1009581995740898E+001  0.1515720794729183E-017  0.5365989576271895E+001  0.3910065993998920E-004  0.9405873790693044E-001  0.6809095916389113E+001 -0.8796078409373216E+000
                       62                        1                        0                       49 -0.8609008708437319E+000  0.4597776525903178E+000 -0.1849380779215710E-005  0.5598681277108784E+001 -0.2251978425768728E-004  0.9999947265062832E+000  0.9038689333865272E+000  0.7530997434073654E-018  0.4274385461591792E+001  0.2136185486604303E-004  0.1056977449107311E+000  0.5069752671443444E+001 -0.5778492153263128E+000
                       63                        1                        0                       46 -0.8730403035638020E+000  0.4876117156420933E+000 -0.1625649361777900E-005  0.5937614774193505E+001 -0.1979542196897421E-004  0.9999947265062832E+000  0.8616366241138409E+000 -0.3213113155504107E-018  0.3622135332456650E+001  0.1183554942482668E-004  0.1188825926157126E+000  0.3920940576202292E+001 -0.3823593616668746E+000
                       64                        1                        0                       43 -0.9146754525403203E+000  0.5204545170196652E+000 -0.1489241083821437E-005  0.6337539338000559E+001 -0.1813438762436244E-004  0.9999947265062832E+000  0.7757353240164880E+000 -0.6887114996205166E-018  0.2861918288806838E+001  0.7669012207914674E-005  0.1354364521430867E+000  0.2692254759181092E+001 -0.2069793413900622E+000
                       65                        1                        0                       40 -0.9395388827196971E+000  0.5591201831726461E+000 -0.1340511111087222E-005  0.6808368531063850E+001 -0.1632331283853783E-004  0.9999947265062832E+000  0.6989172712565199E+000  0.2649613221599706E-019  0.2234931858019217E+001  0.8686395677595268E-005  0.1563076896155064E+000  0.1669608651392317E+001 -0.8030788482379184E-001
                       66                        1                        0                       35 -0.9617482800350242E+000  0.6386859705485936E+000 -0.1062204770637111E-005  0.7777235724957380E+001 -0.1293439541551753E-004  0.9999947265062832E+000  0.6275050925309730E+000  0.9767688578357083E-021  0.1537209703785044E+001  0.5299904374963698E-005  0.2039598844877998E+000  0.3931511179086980E+000  0.4402054318563007E-001
                       67                        1                        0                       30 -0.9613051004493278E+000  0.7436517642941787E+000 -0.7298416899247091E-006  0.9055397072881590E+001 -0.8887232734375290E-005  0.9999947265062832E+000  0.6733066352967186E+000 -0.1243195156031575E-018  0.1215775171253174E+001  0.5762042480708276E-005  0.2765089732689225E+000 -0.7233012915576524E+000  0.1083834145610722E+000
                       68                        1                        0                       27 -0.9496183812751583E+000  0.8270333726088515E+000 -0.5559080887836848E-006  0.1007072925942120E+002 -0.6769255075648025E-005  0.9999947265062832E+000  0.7126428965521229E+000  0.1462165899813614E-018  0.1039819257003617E+001  0.6835591725492906E-005  0.3419920997043844E+000 -0.1510577645162182E+001  0.1175881167212127E+000
                       69                        1                        0                       24 -0.9161601053379187E+000  0.9285842218507329E+000 -0.4361568150242940E-006  0.1130730705984688E+002 -0.5311051940873161E-005  0.9999947265062832E+000  0.6949719391236490E+000  0.1496428419723930E-018  0.8044701411399695E+000  0.5229369313711833E-005  0.4311343285350661E+000 -0.2207161321172348E+001  0.8525307993803714E-001
                       70                        1                        0                       19 -0.8175765468946076E+000  0.1162843802097493E+001 -0.3105359674340885E-006  0.1415987007268984E+002 -0.3781375403843858E-005  0.9999947265062832E+000  0.5552250791507428E+000 -0.2545392611146179E-018  0.4096955033381832E+000  0.2709702110390370E-005  0.6761028540382792E+000 -0.2856855480896154E+001 -0.5131288779262971E-001
                       71                        1                        0                       18 -0.7412969511267076E+000  0.1219883525345737E+001 -0.2098267719192419E-006  0.1485443891221967E+002 -0.2555046363741370E-005  0.9999947265062832E+000  0.8796347644699305E+000  0.1208387560023602E-018  0.5896712149774567E+000  0.3855174002658042E-005  0.7440579077049724E+000 -0.4903451062352952E+001 -0.1430331798853493E+000
                       72                        1                        0                       13 -0.8240450992226219E+000  0.1658641535331456E+001 -0.1402936931417772E-006  0.2019716542763249E+002 -0.1708346781676212E-005  0.9999947265062832E+000  0.1119444587247859E+001  0.1489702327213875E-020  0.4061325779741838E+000  0.1182719905715432E-006  0.1375545871363347E+001 -0.9755872158341299E+001 -0.9917054504576256E+000
                       73                        1                        0                        8 -0.6348829966840210E+000  0.2613362027381602E+001 -0.1321597476547622E-006  0.3182273207620561E+002 -0.1609300279414493E-005  0.9999947265062832E+000  0.4835598162055026E+001  0.4660438220098527E-017  0.7076373231145063E+000 -0.3930884731890337E-005  0.3414830543080029E+001 -0.7700298145886919E+002 -0.1690400288150263E+002
                       76                        2                        0                      468 -0.9999734796642789E+000  0.8379798443214341E-001 -0.2743386802705016E-003  0.1020402370268603E+001 -0.3340603494241108E-002  0.9999947265062832E+000  0.3475965116430116E+000 -0.2355053728579849E-016  0.4949954184353638E+002  0.3241056105478718E+000  0.3511051097444861E-002  0.3420075521451497E+002 -0.8175255882570848E+001
                       77                        2                        0                      459 -0.9999715635550585E+000  0.8546828741483008E-001 -0.2713052728928604E-003  0.1040741536349385E+001 -0.3303665898437216E-002  0.9999947265062832E+000  0.3733645074179654E+000  0.1174852851844697E-016  0.5111128236636023E+002  0.3244901212747398E+000  0.3652414076811995E-002  0.3654106478579867E+002 -0.8754453534395726E+001
                       78                        2                        0                      445 -0.9999647270240325E+000  0.8819336806737349E-001 -0.2601697008073761E-003  0.1073924658543453E+001 -0.3168068792763079E-002  0.9999947265062832E+000  0.4039673861856841E+000 -0.2896208311218573E-017  0.5193617808069465E+002  0.3064228618083559E+000  0.3889035085533616E-002  0.3919167689529214E+002 -0.9423306249990819E+001
                       81                        2                        0                      430 -0.9999634946667237E+000  0.9132753746726918E-001 -0.2541857187865101E-003  0.1112089226655072E+001 -0.3095202249741618E-002  0.9999947265062832E+000  0.4500778944671146E+000 -0.1126928644589863E-017  0.5396112224398006E+002  0.3003722243473413E+000  0.4170359549917706E-002  0.4322359312276865E+002 -0.1043216939680001E+002
                       82                        2                        0                      415 -0.9999605314143257E+000  0.9467031635853980E-001 -0.2473651325452055E-003  0.1152794018387843E+001 -0.3012148433896151E-002  0.9999947265062832E+000  0.4978084933380262E+000 -0.1483983903900703E-016  0.5554342128012156E+002  0.2902590277187576E+000  0.4481234399713017E-002  0.4728588817375591E+002 -0.1145577389049222E+002
                       83                        2                        0                      410 -0.9999685590294726E+000  0.9584173690244699E-001 -0.2498933897868281E-003  0.1167058326863570E+001 -0.3042934850771005E-002  0.9999947265062832E+000  0.5254960683226716E+000  0.6654938193328678E-017  0.5720818092494462E+002  0.2983229229253328E+000  0.4592819266238939E-002  0.4972289783882076E+002 -0.1206055780790732E+002
                       85                        2                        0                      403 -0.9999700355053381E+000  0.9753762594730832E-001 -0.2524504931914441E-003  0.1187709052687296E+001 -0.3074072525415256E-002  0.9999947265062832E+000  0.5628011638484657E+000 -0.6775270717533251E-018  0.5915735857439342E+002  0.3062252136665503E+000  0.4756794237718506E-002  0.5295331892344034E+002 -0.1286585571744734E+002
                       86                        2                        0                      396 -0.9999599928279198E+000  0.9928245040930218E-001 -0.2452743810601552E-003  0.1208955661764903E+001 -0.2986689494931868E-002  0.9999947265062832E+000  0.5794603763985242E+000 -0.6715694494166316E-016  0.5878651205208276E+002  0.2904589507689193E+000  0.4928502479637783E-002  0.5420307122211393E+002 -0.1319351177251480E+002
                       87                        2                        0                      386 -0.9999623810048947E+000  0.1018785637961813E+000 -0.2433525950887313E-003  0.1240568358316126E+001 -0.2963288037561759E-002  0.9999947265062832E+000  0.6245636843582737E+000 -0.2131990729746045E-016  0.6017422996491656E+002  0.2874685839786291E+000  0.5189620880586287E-002  0.5791250108851292E+002 -0.1413144994776617E+002
                       88                        2                        0                      381 -0.9999647264738426E+000  0.1032402728161475E+000 -0.2422205014461201E-003  0.1257149796652687E+001 -0.2949502610094563E-002  0.9999947265062832E+000  0.6474478633797349E+000  0.5023489800348624E-016  0.6074439594213916E+002  0.2850324452566158E+000  0.5329276965576277E-002  0.5975721891899283E+002 -0.1459993461242967E+002
                       89                        2                        0                      374 -0.9999646964108059E+000  0.1052115934751812E+000 -0.2399357900964427E-003  0.1281154434552616E+001 -0.2921681835019975E-002  0.9999947265062832E+000  0.6790329039891292E+000 -0.8120208116770083E-017  0.6134281767778762E+002  0.2797827419086414E+000  0.5534739700793411E-002  0.6225138038519302E+002 -0.1523636047215692E+002
                       90                        2                        0                      366 -0.9999585525951534E+000  0.1075527727995216E+000 -0.2391649938289088E-003  0.1309662816323007E+001 -0.2912295901173051E-002  0.9999947265062832E+000  0.7218066379191929E+000  0.6906171858187157E-016  0.6239906450840440E+002  0.2775102869001114E+000  0.5783799468432741E-002  0.6564122544636612E+002 -0.1609827140718231E+002
                       91                        2                        0                      361 -0.9999579524779658E+000  0.1090505154620722E+000 -0.2403511246603929E-003  0.1327900727094673E+001 -0.2926739335822426E-002  0.9999947265062832E+000  0.7539843865104783E+000  0.3326715930531117E-016  0.6340265567298595E+002  0.2794799755371687E+000  0.5946007461271813E-002  0.6821241349162059E+002 -0.1674916937725945E+002
                       92                        2                        0                      352 -0.9999660471837020E+000  0.1118814829787407E+000 -0.2435661539312794E-003  0.1362373226448178E+001 -0.2965888529096305E-002  0.9999947265062832E+000  0.8179103687464508E+000 -0.1373611592816240E-016  0.6534163240557601E+002  0.2844939541229650E+000  0.6258733116761134E-002  0.7326810439191918E+002 -0.1803001139928690E+002
                       93                        2                        0                      347 -0.9999689413007541E+000  0.1135213103145623E+000 -0.2445017953599021E-003  0.1382341292645028E+001 -0.2977281771284143E-002  0.9999947265062832E+000  0.8528599696570681E+000  0.9253091457010194E-017  0.6617954307505234E+002  0.2850706633353914E+000  0.6443543947767581E-002  0.7595966669416190E+002 -0.1871534214021622E+002
                       94                        2                        0                      342 -0.9999644697635299E+000  0.1152032480283299E+000 -0.2416878015896824E-003  0.1402822134056700E+001 -0.2943015960089384E-002  0.9999947265062832E+000  0.8777866233664831E+000  0.8008438526746081E-017  0.6613945989009048E+002  0.2775072566762110E+000  0.6635894178138461E-002  0.7771625622014592E+002 -0.1917259268744785E+002
                       95                        2                        0                      333 -0.9999608224330420E+000  0.1183539286542167E+000 -0.2397480175770615E-003  0.1441187758246835E+001 -0.2919395341792886E-002  0.9999947265062832E+000  0.9357706572236019E+000 -0.3097433190201160E-017  0.6680447952558110E+002  0.2706454140400044E+000  0.7003826213943717E-002  0.8192593127024924E+002 -0.2025619620141683E+002
                       96                        2                        0                      327 -0.9999524747995726E+000  0.1201860143102816E+000 -0.2288415135005803E-003  0.1463496940963484E+001 -0.2786587581720835E-002  0.9999947265062832E+000  0.9373775500522711E+000 -0.4699162089820702E-017  0.6489463922515438E+002  0.2471221035541950E+000  0.7222339017895611E-002  0.8152879922799461E+002 -0.2018574364228559E+002
                       97                        2                        0                      320 -0.9999564756741289E+000  0.1228274610690179E+000 -0.2248375027096525E-003  0.1495661658907691E+001 -0.2737831014014218E-002  0.9999947265062832E+000  0.9765023745853724E+000 -0.1305267909984838E-016  0.6472690644196732E+002  0.2369622511420343E+000  0.7543292596330536E-002  0.8412627294256968E+002 -0.2086454261862392E+002
                       98                        2                        0                      313 -0.9999525593202206E+000  0.1256163578831670E+000 -0.2167015000386048E-003  0.1529621866171347E+001 -0.2638759461562126E-002  0.9999947265062832E+000  0.1002706946279971E+001 -0.3344004617678137E-016  0.6354547227523437E+002  0.2192402250884675E+000  0.7889734683915907E-002  0.8551281087163993E+002 -0.2124545643361503E+002
                       99                        2                        0                      304 -0.9999348298732920E+000  0.1293610467996296E+000 -0.2046477546037987E-003  0.1575220689009040E+001 -0.2491981821316490E-002  0.9999947265062832E+000  0.1029897026124689E+001 -0.3098433116655166E-016  0.6154465731048034E+002  0.1947205317646974E+000  0.8367140214547973E-002  0.8663502145921863E+002 -0.2157064517054415E+002
                      100                        2                        0                      299 -0.9999363492943409E+000  0.1315351734418939E+000 -0.2032672232973312E-003  0.1601694881605248E+001 -0.2475171185274401E-002  0.9999947265062832E+000  0.1068232499541462E+001 -0.3110248765975749E-016  0.6174271557604435E+002  0.1908220702656002E+000  0.8650750926194531E-002  0.8914245427923225E+002 -0.2221822379083899E+002
                      101                        2                        0                      294 -0.9999191583027447E+000  0.1337929666488342E+000 -0.1967843823889464E-003  0.1629187876282272E+001 -0.2396230071429989E-002  0.9999947265062832E+000  0.1084999020318822E+001 -0.1889000314360315E-016  0.6061314430810464E+002  0.1782954967243595E+000  0.8950278962348027E-002  0.8978702859169552E+002 -0.2240294600469197E+002
                      102                        2                        0                      289 -0.9989395717366808E+000  0.1361223766622577E+000 -0.1843499320742009E-003  0.1657552943952240E+001 -0.2244816613694285E-002  0.9999947265062832E+000  0.1072268957506528E+001 -0.7501426354172306E-017  0.5786942242565713E+002  0.1567389244545596E+000  0.9264650714090749E-002  0.8796652309935362E+002 -0.2197283456319348E+002
                      103                        2                        0                      280 -0.9948889622655697E+000  0.1405253535547332E+000 -0.1759475042288192E-003  0.1711167694805323E+001 -0.2142500819972764E-002  0.9999947265062832E+000  0.1118831704822862E+001 -0.4083087907803278E-016  0.5665786365255457E+002  0.1418732936458369E+000  0.9873687495841395E-002  0.9028325979497981E+002 -0.2258649562482454E+002
                      104                        2                        0                      275 -0.9914995735030646E+000  0.1430933701835728E+000 -0.1682673379634136E-003  0.1742438259040422E+001 -0.2048979956501127E-002  0.9999947265062832E+000  0.1128176755840835E+001  0.4178003254823812E-017  0.5509892985147683E+002  0.1295787759790323E+000  0.1023785629524656E-001  0.9015858920244440E+002 -0.2257264658688710E+002
                      105                        2                        0                      268 -0.9855844615829200E+000  0.1468465591644336E+000 -0.1552220785646259E-003  0.1788140586585514E+001 -0.1890128717995852E-002  0.9999947265062832E+000  0.1125269724437281E+001 -0.4233410123708313E-016  0.5218365182874013E+002  0.1103143198623777E+000  0.1078195596921682E-001  0.8865281881924291E+002 -0.2221584435615302E+002
                      106                        2                        0                      261 -0.9775260407930696E+000  0.1507994832526594E+000 -0.1492343610422078E-003  0.1836275074979847E+001 -0.1817216688025467E-002  0.9999947265062832E+000  0.1166345254745612E+001 -0.7282377619127226E-017  0.5129003309588651E+002  0.1015097932884328E+000  0.1137024207463452E-001  0.9051014710667475E+002 -0.2269295605359902E+002
                      107                        2                        0                      256 -0.9706671943958671E+000  0.1537627438132755E+000 -0.1439012498041008E-003  0.1872358497752677E+001 -0.1752275754360444E-002  0.9999947265062832E+000  0.1189495974912551E+001 -0.2091053976466712E-016  0.5031140292269237E+002  0.9416385106029088E-001  0.1182149069249345E-001  0.9126026484844652E+002 -0.2288520418099298E+002
                      108                        2                        0                      249 -0.9608051933778933E+000  0.1581144646002547E+000 -0.1299427387390691E-003  0.1925349106487146E+001 -0.1582303912284546E-002  0.9999947265062832E+000  0.1171250391171107E+001  0.5892755365870299E-016  0.4685031260595883E+002  0.7700038676069439E-001  0.1250009195791262E-001  0.8835907770052690E+002 -0.2215833716127695E+002
                      109                        2                        0                      243 -0.9489817654900680E+000  0.1620368729367686E+000 -0.1263016461072170E-003  0.1973112006643547E+001 -0.1537966574374967E-002  0.9999947265062832E+000  0.1223827551414389E+001  0.2074566931658418E-016  0.4661208734181025E+002  0.7265934869067688E-001  0.1312797409556323E-001  0.9092595398157314E+002 -0.2279141122210235E+002
                      110                        2                        0                      238 -0.9404978596043020E+000  0.1654460702055923E+000 -0.1164623596252446E-003  0.2014625570452923E+001 -0.1418154250534572E-002  0.9999947265062832E+000  0.1203872166620837E+001 -0.1535377695843666E-016  0.4398186449093966E+002  0.6191503935190584E-001  0.1368620107323689E-001  0.8825681346682717E+002 -0.2210996243050641E+002
                      111                        2                        0                      233 -0.9309196675368733E+000  0.1689722304332262E+000 -0.1082962924739555E-003  0.2057563384275141E+001 -0.1318716604946622E-002  0.9999947265062832E+000  0.1195342148388668E+001 -0.2614442223652421E-016  0.4186661418343181E+002  0.5366054046409677E-001  0.1427580732878967E-001  0.8642377253212807E+002 -0.2163188020805448E+002
                      112                        2                        0                      226 -0.9121167818884411E+000  0.1742181477152872E+000 -0.1028355678450705E-003  0.2121442563053990E+001 -0.1252221731681377E-002  0.9999947265062832E+000  0.1247422730522865E+001 -0.1658615278783191E-015  0.4109918638714240E+002  0.4851399989408727E-001  0.1517598149667279E-001  0.8833639650082154E+002 -0.2206880703691887E+002
                      113                        2                        0                      221 -0.8972806757959256E+000  0.1781758496385709E+000 -0.9849555868910196E-004  0.2169635230821619E+001 -0.1199373734683026E-002  0.9999947265062832E+000  0.1283141072293637E+001 -0.4841914082388145E-016  0.4041877382186457E+002  0.4468172542611287E-001  0.1587331669721335E-001  0.8944589105461716E+002 -0.2230577236983193E+002
                      114                        2                        0                      214 -0.8810301253751452E+000  0.1840139089379742E+000 -0.8733664380768600E-004  0.2240724882765500E+001 -0.1063492385366768E-002  0.9999947265062832E+000  0.1260386738199940E+001  0.1183465821544218E-015  0.3722279857813737E+002  0.3532832063155510E-001  0.1693055934131652E-001  0.8583032933614606E+002 -0.2133669740870181E+002
                      115                        2                        0                      209 -0.8688219318114081E+000  0.1884524384670501E+000 -0.8046303426370879E-004  0.2294772555662021E+001 -0.9797929083625832E-003  0.9999947265062832E+000  0.1251295061650570E+001  0.9700254195194788E-016  0.3523406540173563E+002  0.3008273557686719E-001  0.1775716078208869E-001  0.8370260778713590E+002 -0.2074794200580843E+002
                      116                        2                        0                      204 -0.8548829729817744E+000  0.1930764059025876E+000 -0.7494808059221250E-004  0.2351078293362526E+001 -0.9126376917252037E-003  0.9999947265062832E+000  0.1259029371780502E+001 -0.2644559000038156E-016  0.3377411920523333E+002  0.2621602359070417E-001  0.1863924925813030E-001  0.8266048404523005E+002 -0.2041939363647560E+002
                      117                        2                        0                      195 -0.8253168370470951E+000  0.2020026281617838E+000 -0.6658005674333550E-004  0.2459772296118687E+001 -0.8107408331346172E-003  0.9999947265062832E+000  0.1299175299419182E+001 -0.1019279023925113E-015  0.3183906720607948E+002  0.2098367095806102E-001  0.2040253089213395E-001  0.8225573771210509E+002 -0.2016153125139712E+002
                      118                        2                        0                      190 -0.8165072629169711E+000  0.2072800974287757E+000 -0.5984057070535998E-004  0.2524035681277061E+001 -0.7286745689619853E-003  0.9999947265062832E+000  0.1261887039308547E+001  0.7515208329311304E-017  0.2937053882691421E+002  0.1695380934435906E-001  0.2148251939504133E-001  0.7818882999381171E+002 -0.1906426088706252E+002
                      119                        2                        0                      183 -0.7869140173058849E+000  0.2152078464458468E+000 -0.5531277452982268E-004  0.2620571343115856E+001 -0.6735399021687448E-003  0.9999947265062832E+000  0.1327157858251563E+001  0.4100415172272140E-016  0.2865583225694501E+002  0.1472575382456364E-001  0.2315720858592958E-001  0.7959808772354660E+002 -0.1923603680601402E+002
                      120                        2                        0                      176 -0.7592466491456308E+000  0.2238578363145467E+000 -0.5016400964983345E-004  0.2725901682796855E+001 -0.6108437415975906E-003  0.9999947265062832E+000  0.1373887914686364E+001  0.2134248564823184E-017  0.2741658404855555E+002  0.1228295514670376E-001  0.2505616543971517E-001  0.7950973698283673E+002 -0.1900692484489570E+002
                      121                        2                        0                      171 -0.7444079923454338E+000  0.2304183315454577E+000 -0.4558907946695204E-004  0.2805788388057390E+001 -0.5551351271952267E-003  0.9999947265062832E+000  0.1374432889996781E+001 -0.3928878615975270E-016  0.2588785830450365E+002  0.1023957280232284E-001  0.2654630375609629E-001  0.7740722124801766E+002 -0.1833844863074636E+002
                      122                        2                        0                      164 -0.7216220901785106E+000  0.2401486008446684E+000 -0.4028691878513160E-004  0.2924273217060721E+001 -0.4905710763539364E-003  0.9999947265062832E+000  0.1393515011114120E+001 -0.1712799289442453E-016  0.2416340622180703E+002  0.8102939857880690E-002  0.2883567524382601E-001  0.7536876175166104E+002 -0.1759788028089788E+002
                      123                        2                        0                      159 -0.7034675531163519E+000  0.2475732286309111E+000 -0.3720399576985023E-004  0.3014682405811306E+001 -0.4530305319904128E-003  0.9999947265062832E+000  0.1423801645408510E+001  0.4727652308004834E-016  0.2322997467466778E+002  0.6977488234024362E-002  0.3064625176736663E-001  0.7465800857074683E+002 -0.1722432556894464E+002
                      124                        2                        0                      152 -0.6793943280464290E+000  0.2590988726271088E+000 -0.3280433850853313E-004  0.3155029390673641E+001 -0.3994562040606901E-003  0.9999947265062832E+000  0.1462674681580787E+001  0.3747272755546157E-016  0.2178829584203006E+002  0.5512916591877762E-002  0.3356611289831924E-001  0.7308678214061004E+002 -0.1652801619045982E+002
                      125                        2                        0                      145 -0.6625895524747326E+000  0.2716754478725319E+000 -0.2833619036220870E-004  0.3308173494046235E+001 -0.3450478672717227E-003  0.9999947265062832E+000  0.1473028968257641E+001 -0.3957614150627589E-016  0.1995799903127622E+002  0.4158895592307855E-002  0.3690377448837053E-001  0.6982450220417094E+002 -0.1542193512312755E+002
                      126                        2                        0                      138 -0.6197979810941969E+000  0.2854148230912698E+000 -0.2538899379431135E-004  0.3475476933791405E+001 -0.3091600546481962E-003  0.9999947265062832E+000  0.1610690211200867E+001 -0.8284385995397831E-017  0.1977267133071312E+002  0.3512724347849801E-002  0.4073081062011052E-001  0.7207219223680731E+002 -0.1548270918496087E+002
                      127                        2                        0                      133 -0.6061594402105233E+000  0.2958731963312230E+000 -0.2284876979153238E-004  0.3602827835075237E+001 -0.2782279193347532E-003  0.9999947265062832E+000  0.1640015615117935E+001 -0.3966282561028127E-016  0.1873453849969983E+002  0.2888245858048201E-002  0.4377047415362700E-001  0.7023247997335359E+002 -0.1475410404179410E+002
                      128                        2                        0                      124 -0.5968215160593947E+000  0.3172847572319068E+000 -0.1857999708740821E-004  0.3863554959268783E+001 -0.2262473637767201E-003  0.9999947265062832E+000  0.1652118945087202E+001 -0.9201118501867758E-017  0.1641152213290249E+002  0.1916481300152102E-002  0.5033480858585498E-001  0.6467452315003031E+002 -0.1294027918900999E+002
                      129                        2                        0                      121 -0.5952822926539595E+000  0.3252952971980002E+000 -0.1712003024288061E-004  0.3961098760875993E+001 -0.2084694465778179E-003  0.9999947265062832E+000  0.1648382072857828E+001 -0.9755099114919610E-017  0.1557787277663994E+002  0.1634048141511256E-002  0.5290851518956800E-001  0.6239984241411292E+002 -0.1224809332130071E+002
                      130                        2                        0                      114 -0.5632903714286869E+000  0.3453772086812645E+000 -0.1447171192294620E-004  0.4205634834337767E+001 -0.1762210540991766E-003  0.9999947265062832E+000  0.1773312481550586E+001 -0.2875045115481928E-016  0.1486631578752622E+002  0.1239573644562801E-002  0.5964270813823067E-001  0.6172742761558166E+002 -0.1152403715959689E+002
                      131                        2                        0                      107 -0.5754690100344644E+000  0.3675980766659279E+000 -0.1187481134046617E-004  0.4476216835976923E+001 -0.1445987719205364E-003  0.9999947265062832E+000  0.1739546488352247E+001 -0.1403050255230234E-016  0.1287343569679859E+002  0.8255692696282232E-003  0.6756417298424469E-001  0.5520607351981082E+002 -0.9720615852611289E+001
                      132                        2                        0                      102 -0.5792378717922935E+000  0.3850208475494761E+000 -0.1042403902973057E-004  0.4688372734793506E+001 -0.1269328159357190E-003  0.9999947265062832E+000  0.1759181153217676E+001  0.7992877753844530E-017  0.1186715066473057E+002  0.6364334348214534E-003  0.7412052652385863E-001  0.5194339302149310E+002 -0.8717501212311342E+001
                      133                        2                        0                       97 -0.5698820875871463E+000  0.4048096037561716E+000 -0.9070699006132054E-005  0.4929339076344726E+001 -0.1104532863000445E-003  0.9999947265062832E+000  0.1840450503965303E+001 -0.5178238779779067E-017  0.1123120208862409E+002  0.4970344031149042E-003  0.8193540764661469E-001  0.5008612545607586E+002 -0.7942880780822194E+001
                      134                        2                        0                       86 -0.6087739049737881E+000  0.4568373946612752E+000 -0.6450841205402078E-005  0.5562877955819765E+001 -0.7855145563255030E-004  0.9999947265062832E+000  0.1840641000341282E+001  0.2480033937939458E-017  0.8819561222370034E+001  0.2431231232206614E-003  0.1043502025804503E+000  0.4049235741804035E+002 -0.5473594397443414E+001
                      135                        2                        0                       83 -0.5833450500990600E+000  0.4735408135375699E+000 -0.5637256497380932E-005  0.5766274354056077E+001 -0.6864448984924652E-004  0.9999947265062832E+000  0.1965165294783012E+001  0.1164191143958777E-016  0.8763634075470657E+001  0.2023294627965169E-003  0.1121204510429122E+000  0.4039505910104646E+002 -0.5169253228504324E+001
                      136                        2                        0                       80 -0.5979652164127415E+000  0.4902807393684548E+000 -0.5089264734366150E-005  0.5970115295001231E+001 -0.6197163133531948E-004  0.9999947265062832E+000  0.1958078643816594E+001  0.1158864487517797E-016  0.8145898667234412E+001  0.1628251358215472E-003  0.1201876016978392E+000  0.3760785596121519E+002 -0.4546540908638285E+001
                      137                        2                        0                       75 -0.7215648665643303E+000  0.5223853644512018E+000 -0.4664989479839541E-005  0.6361051136155591E+001 -0.5680526035039633E-004  0.9999947265062832E+000  0.1632546852346165E+001 -0.5036961912255761E-017  0.5982442892112050E+001  0.1015874132365306E-003  0.1364432344964076E+000  0.2753228927921885E+002 -0.2966026687431723E+001
                      138                        2                        0                       68 -0.6840089791118400E+000  0.5756659476215766E+000 -0.3454565778547496E-005  0.7009845182035881E+001 -0.4206601307377652E-004  0.9999947265062832E+000  0.1920383666854699E+001 -0.9200003715153163E-018  0.5794725781130024E+001  0.6342362828532278E-004  0.1656956416255237E+000  0.2607894483819519E+002 -0.2266490836459959E+001
                      139                        2                        0                       57 -0.8038819507465617E+000  0.6851805749191225E+000 -0.2503299340824489E-005  0.8343397367458536E+001 -0.3048250621036809E-004  0.9999947265062832E+000  0.1758017373929695E+001  0.6609948373441446E-018  0.3744265460036812E+001  0.2268651735288819E-004  0.2347362101232505E+000  0.1504090650497491E+002 -0.6976041430047250E+000
                      140                        2                        0                       56 -0.8200629449014910E+000  0.6993955546854399E+000 -0.2434446164109148E-005  0.8516492211507156E+001 -0.2964408574957826E-004  0.9999947265062832E+000  0.1721523870434941E+001  0.2824209488706470E-017  0.3518965780890169E+001  0.2010728704907381E-004  0.2445770709568774E+000  0.1382499229290158E+002 -0.5686655109105748E+000
                      141                        2                        0                       49 -0.8832464880953215E+000  0.7947629078776689E+000 -0.1893669198773623E-005  0.9677774000120987E+001 -0.2305908133742717E-004  0.9999947265062832E+000  0.1562814563365897E+001 -0.8269384736313816E-018  0.2473600847818348E+001  0.9135544817452274E-005  0.3158240398690855E+000  0.7881761659434829E+001 -0.2736433582111103E-001
                      142                        2                        0                       42 -0.8955733946119795E+000  0.9207758511222698E+000 -0.1238276918753793E-005  0.1121222505932798E+002 -0.1507841401565503E-004  0.9999947265062832E+000  0.1726973853919025E+001 -0.6457518375269121E-019  0.2035989970723870E+001  0.4721042034907502E-005  0.4239140840049694E+000  0.3649024636387513E+001  0.2789543043223492E+000
                      143                        2                        0                       33 -0.9711301486704386E+000  0.1165660153974627E+001 -0.9086263354576721E-006  0.1419416459839248E+002 -0.1106428123149272E-004  0.9999947265062832E+000  0.1272901597418486E+001 -0.1201282281477239E-018  0.9357605774030376E+000  0.3247451898914002E-005  0.6793817972820737E+000 -0.2299067689539288E+001  0.1697412352608137E+000
                      144                        2                        0                       30 -0.9683456475051826E+000  0.1283715323453675E+001 -0.7259215825942206E-006  0.1563171438643576E+002 -0.8839497853413124E-005  0.9999947265062832E+000  0.1371245707037013E+001  0.1995726363866470E-018  0.8308751368134716E+000  0.3292963473726207E-005  0.8239625158348829E+000 -0.4459833551529552E+001  0.3135007953073873E-001
                      145                        2                        0                       19 -0.8913154999300540E+000  0.1993886186573460E+001 -0.3295293615677690E-006  0.2427941679758303E+002 -0.4012656675401735E-005  0.9999947265062832E+000  0.1750835502247165E+001 -0.2406767587123317E-018  0.4391893171409406E+000 -0.2229581760726076E-005  0.1987791062504225E+001 -0.1754125675554572E+002 -0.2338280571847111E+001
                      146                        2                        0                       14 -0.7795309945993553E+000  0.2617716101500506E+001 -0.2665641135240049E-006  0.3187575134130324E+002 -0.3245933122516826E-005  0.9999947265062832E+000  0.5412516089810348E+001 -0.2070311647080101E-017  0.7883130949126922E+000 -0.1410882677037799E-004  0.3426218794027509E+001 -0.8315273316565793E+002 -0.1757677437216325E+002
                      147                        3                        1                      463 -0.1000000000000000E+001  0.8306740622777012E-001 -0.2045260355299353E-002  0.1011506169047764E+001 -0.2490499656413375E-001  0.9999947265062832E+000  0.4403450944675747E+000  0.2183570769379482E-016  0.6370139946148549E+002  0.3138775388494079E+001  0.3450096988704686E-002  0.4926812004962281E+002 -0.1031461506074536E+002
                      148                        3                        0                      665 -0.9999989676504608E+000  0.8321754374441248E-001 -0.4635509580007449E-003  0.1013334383400248E+001 -0.5644628561051693E-002  0.9999947265062832E+000  0.1417239532108528E+000  0.4406017353662865E-017  0.2046350023881110E+002  0.2279847635919726E+000  0.3462579793426607E-002  0.1584693122629429E+002 -0.3371676454789363E+001
                      150                        3                        0                      641 -0.9999977236521517E+000  0.8643230911740472E-001 -0.4284198025055676E-003  0.1052480363207376E+001 -0.5216838864432173E-002  0.9999947265062832E+000  0.1690979617272534E+000 -0.2844319697691709E-018  0.2263398411963150E+002  0.2243855438802153E+000  0.3735272029683295E-002  0.1878098890952436E+002 -0.4011739564681129E+001
                      151                        3                        0                      629 -0.9999970795627429E+000  0.8810951421296748E-001 -0.4178860911032328E-003  0.1072903575848304E+001 -0.5088570575457136E-002  0.9999947265062832E+000  0.1867182466379392E+000  0.3966060858165756E-017  0.2405020128279721E+002  0.2281356578602093E+000  0.3881643247422555E-002  0.2066547013465114E+002 -0.4422696442942146E+001
                      153                        3                        0                      608 -0.9999949417980902E+000  0.9120737814522056E-001 -0.3904005215012486E-003  0.1110626054743967E+001 -0.4753880659463294E-002  0.9999947265062832E+000  0.2139516434140626E+000  0.6091125758328918E-017  0.2571808862559662E+002  0.2201693086936028E+000  0.4159392914062640E-002  0.2352689889556961E+002 -0.5052551148605289E+001
                      155                        3                        0                      588 -0.9999936683415327E+000  0.9436380424705686E-001 -0.3703271886333323E-003  0.1149061641204875E+001 -0.4509449047218506E-002  0.9999947265062832E+000  0.2454065865842139E+000  0.1436763241707578E-018  0.2755891673640813E+002  0.2163109542550295E+000  0.4452263775988414E-002  0.2680852421709023E+002 -0.5776145926982898E+001
                      157                        3                        0                      568 -0.9999917355664483E+000  0.9774363049492371E-001 -0.3535877694132812E-003  0.1190217556085049E+001 -0.4305614275239098E-002  0.9999947265062832E+000  0.2828872436875902E+000 -0.6113084824449057E-017  0.2960917177608672E+002  0.2142249447257764E+000  0.4776908651164104E-002  0.3068536101163118E+002 -0.6632958338514507E+001
                      158                        3                        0                      557 -0.9999929940342066E+000  0.9969982040207886E-001 -0.3511587832369938E-003  0.1214037947846058E+001 -0.4276036675390735E-002  0.9999947265062832E+000  0.3125984993904690E+000 -0.1494796089409863E-017  0.3144769735554499E+002  0.2215301058933014E+000  0.4970027094103405E-002  0.3376959409565755E+002 -0.7312159271157353E+001
                      159                        3                        0                      548 -0.9999920733335992E+000  0.1013556023597193E+000 -0.3446667872936383E-003  0.1234200292390186E+001 -0.4196984081306704E-002  0.9999947265062832E+000  0.3328646723850455E+000  0.5573261835239395E-018  0.3240141655644231E+002  0.2203686713872674E+000  0.5136479064850760E-002  0.3583419641780057E+002 -0.7770388218890316E+001
                      161                        3                        0                      528 -0.9999895254656632E+000  0.1052429143692230E+000 -0.3236500430836268E-003  0.1281535826954064E+001 -0.3941064613164957E-002  0.9999947265062832E+000  0.3702968631838455E+000  0.1315805735468000E-017  0.3343173048337931E+002  0.2056244655561341E+000  0.5538035512463798E-002  0.3953885599936414E+002 -0.8601601682311475E+001
                      162                        3                        0                      514 -0.9999868085400099E+000  0.1081474090384543E+000 -0.3138754676263646E-003  0.1316903661455097E+001 -0.3822040271081450E-002  0.9999947265062832E+000  0.4058161393806417E+000  0.6603701015118304E-017  0.3469708412727672E+002  0.2014034018097217E+000  0.5847931040865392E-002  0.4306588017188991E+002 -0.9389512311108096E+001
                      164                        3                        0                      498 -0.9999876276575062E+000  0.1116588541056962E+000 -0.3037647513981116E-003  0.1359662289767728E+001 -0.3698922765638621E-002  0.9999947265062832E+000  0.4500955297088393E+000  0.1101281440757066E-016  0.3610069825439861E+002  0.1964228260410458E+000  0.6233849850098572E-002  0.4740911980158450E+002 -0.1036186729117377E+002
                      166                        3                        0                      474 -0.9999844012587852E+000  0.1173688783924970E+000 -0.2871156787331509E-003  0.1429192868051040E+001 -0.3496188137530030E-002  0.9999947265062832E+000  0.5189308785065296E+000 -0.1185017617094144E-016  0.3767061286206625E+002  0.1843050384282330E+000  0.6887726807556381E-002  0.5399270352001143E+002 -0.1184327823030533E+002
                      167                        3                        0                      463 -0.9999854523309176E+000  0.1201897205807261E+000 -0.2823290962813701E-003  0.1463542071967196E+001 -0.3437902247811067E-002  0.9999947265062832E+000  0.5594921100803716E+000 -0.1528337327451298E-017  0.3873102622962953E+002  0.1819607334070576E+000  0.7222784466636526E-002  0.5785750437730837E+002 -0.1271097088800713E+002
                      169                        3                        0                      443 -0.9999827493124857E+000  0.1256582787726323E+000 -0.2711096894863668E-003  0.1530132333997799E+001 -0.3301284292567771E-002  0.9999947265062832E+000  0.6323698556854546E+000 -0.3892723311175368E-017  0.4004882326360466E+002  0.1728117399953487E+000  0.7895001512050269E-002  0.6461390069213586E+002 -0.1423476461822762E+002
                      170                        3                        0                      432 -0.9999832624991479E+000  0.1288930232702187E+000 -0.2660769774089100E-003  0.1569521598249416E+001 -0.3240001299098223E-002  0.9999947265062832E+000  0.6783645537158849E+000  0.2223862531797053E-016  0.4083246999971627E+002  0.1685824329884551E+000  0.8306705723868586E-002  0.6881778351170779E+002 -0.1518302605974934E+002
                      171                        3                        0                      422 -0.9999774580882876E+000  0.1319724741116360E+000 -0.2590812524403609E-003  0.1607019862187403E+001 -0.3154814830855239E-002  0.9999947265062832E+000  0.7145489271882347E+000 -0.1598979099345173E-016  0.4102674958017129E+002  0.1610824012371085E+000  0.8708366961573219E-002  0.7199072124198848E+002 -0.1590378502563409E+002
                      172                        3                        0                      415 -0.9999790022191627E+000  0.1342102791317739E+000 -0.2569456429629123E-003  0.1634269462070044E+001 -0.3128809659161387E-002  0.9999947265062832E+000  0.7485530527144679E+000 -0.1001630057995071E-016  0.4155785554830646E+002  0.1591243376574910E+000  0.9006199512314317E-002  0.7503730805822053E+002 -0.1659096805017117E+002
                      173                        3                        0                      401 -0.9999812287811612E+000  0.1389508852242175E+000 -0.2576191665471864E-003  0.1691995500781110E+001 -0.3137011110144753E-002  0.9999947265062832E+000  0.8393619927372911E+000 -0.1715764316093882E-016  0.4347394612283657E+002  0.1612030669069925E+000  0.9653674252296848E-002  0.8323820563657318E+002 -0.1843331843784942E+002
                      174                        3                        0                      395 -0.9999794026822445E+000  0.1410660370192231E+000 -0.2581707036175287E-003  0.1717751560664021E+001 -0.3143727139625439E-002  0.9999947265062832E+000  0.8821234970423814E+000  0.4990124084903148E-016  0.4432890177364761E+002  0.1622551905594577E+000  0.9949813400154427E-002  0.8705531894549350E+002 -0.1929074449449048E+002
                      176                        3                        0                      378 -0.9994678173223420E+000  0.1474600868416652E+000 -0.2538013025750066E-003  0.1795611471479881E+001 -0.3090521239618930E-002  0.9999947265062832E+000  0.9875676783857754E+000  0.5444772483843460E-016  0.4541725829609229E+002  0.1563387063475390E+000  0.1087223860567573E-001  0.9602634062343047E+002 -0.2131462068593703E+002
                      177                        3                        0                      371 -0.9987668808765067E+000  0.1502779206086704E+000 -0.2600217805668198E-003  0.1829924042054933E+001 -0.3166267578031040E-002  0.9999947265062832E+000  0.1064049042114252E+001  0.9322005689141101E-016  0.4711663502503813E+002  0.1630476606123101E+000  0.1129172671123295E-001  0.1027813837948199E+003 -0.2282591527542829E+002
                      178                        3                        0                      357 -0.9973525246383619E+000  0.1562008906350146E+000 -0.2699587966935059E-003  0.1902047646159105E+001 -0.3287269949123612E-002  0.9999947265062832E+000  0.1214503367860243E+001 -0.7967549841982106E-017  0.4977768492013651E+002  0.1720576200982163E+000  0.1219935911758592E-001  0.1156782636473189E+003 -0.2571208876167961E+002
                      179                        3                        0                      350 -0.9967651246235356E+000  0.1593573278395434E+000 -0.2750419286678886E-003  0.1940483367816746E+001 -0.3349166902256756E-002  0.9999947265062832E+000  0.1295061029496514E+001  0.2382296019403290E-016  0.5099753090247863E+002  0.1760357933819749E+000  0.1269737896807986E-001  0.1224213205039843E+003 -0.2721912245802336E+002
                      180                        3                        0                      341 -0.9961419818243504E+000  0.1635927768942320E+000 -0.2919130088385753E-003  0.1992058143556799E+001 -0.3554604900698121E-002  0.9999947265062832E+000  0.1443003270435959E+001  0.9781098178142166E-016  0.5391899520434853E+002  0.1924226062478216E+000  0.1338129832598299E-001  0.1350170793923312E+003 -0.3002312024041213E+002
                      181                        3                        0                      330 -0.9957111734579324E+000  0.1690873776021688E+000 -0.3006867493305066E-003  0.2058965523537977E+001 -0.3661442143321039E-002  0.9999947265062832E+000  0.1591422800509998E+001  0.8135175330945418E-016  0.5566291536159439E+002  0.1979673336424292E+000  0.1429527063218915E-001  0.1469172980726108E+003 -0.3266896439372670E+002
                      182                        3                        0                      317 -0.9952774561212929E+000  0.1761359330502032E+000 -0.3195424233135140E-003  0.2144795304944808E+001 -0.3891046405949253E-002  0.9999947265062832E+000  0.1816352749781860E+001 -0.9808324456241752E-016  0.5854729666335634E+002  0.2124279546990593E+000  0.1551193345573284E-001  0.1647789508290502E+003 -0.3661757095332862E+002
                      183                        3                        0                      310 -0.9949168633467939E+000  0.1801540538001932E+000 -0.3110486118422350E-003  0.2193723688665485E+001 -0.3787617840016069E-002  0.9999947265062832E+000  0.1873999406286490E+001  0.2844184209797117E-016  0.5774100694832884E+002  0.1993848068185768E+000  0.1622774155032142E-001  0.1683025394864763E+003 -0.3738542038797613E+002
                      184                        3                        0                      302 -0.9941013577142601E+000  0.1843778521405053E+000 -0.3222982874167251E-003  0.2245156594447141E+001 -0.3924604376133272E-002  0.9999947265062832E+000  0.2016304647407223E+001 -0.5345005588563086E-017  0.5931185838388152E+002  0.2073547441276533E+000  0.1699759617997293E-001  0.1791590816538829E+003 -0.3976181943601419E+002
                      185                        3                        0                      293 -0.9925624046516888E+000  0.1900590682495867E+000 -0.2848217629577689E-003  0.2314336377505158E+001 -0.3468255280788210E-002  0.9999947265062832E+000  0.1983064994623541E+001 -0.3216550329301626E-016  0.5489890631075319E+002  0.1645392024270866E+000  0.1806122471195060E-001  0.1736617735922010E+003 -0.3850683768525367E+002
                      186                        3                        0                      282 -0.9888775531178827E+000  0.1975146974350528E+000 -0.2607454230689473E-003  0.2405123068190468E+001 -0.3175079323676258E-002  0.9999947265062832E+000  0.2030736862975233E+001  0.7478153416099149E-016  0.5205463477848568E+002  0.1374343695023176E+000  0.1950602785143016E-001  0.1744350674461017E+003 -0.3859680057856969E+002
                      187                        3                        0                      271 -0.9827357882726511E+000  0.2055699897602473E+000 -0.2363095163104335E-003  0.2503211816237755E+001 -0.2877524945190686E-002  0.9999947265062832E+000  0.2071916975792222E+001 -0.7216294949084714E-016  0.4902956631066544E+002  0.1127186137927313E+000  0.2112951034501412E-001  0.1742451454878420E+003 -0.3843578753547732E+002
                      188                        3                        0                      266 -0.9787884816973298E+000  0.2094316411088731E+000 -0.2308242511004270E-003  0.2550234882675343E+001 -0.2810731242934340E-002  0.9999947265062832E+000  0.2124676433118217E+001  0.1581594773844087E-016  0.4844104213766541E+002  0.1067745852710007E+000  0.2193080614877801E-001  0.1768601813886869E+003 -0.3894038232741649E+002
                      189                        3                        0                      255 -0.9681865195052096E+000  0.2184997787426723E+000 -0.2022390793904922E-003  0.2660656979318294E+001 -0.2462651546686132E-002  0.9999947265062832E+000  0.2129511862928607E+001  0.5109239857786289E-017  0.4460502528279579E+002  0.8256755374073756E-001  0.2387107665529834E-001  0.1730001520652120E+003 -0.3790459403177885E+002
                      190                        3                        0                      245 -0.9547908043204889E+000  0.2274202487581989E+000 -0.1845082208014933E-003  0.2769280937393613E+001 -0.2246744084785749E-002  0.9999947265062832E+000  0.2187106266217928E+001 -0.2242963469813449E-015  0.4228804490389592E+002  0.6861389358380257E-001  0.2585998477262063E-001  0.1734170608468177E+003 -0.3777049163059408E+002
                      191                        3                        0                      242 -0.9509953451534064E+000  0.2302655517629719E+000 -0.1717237846821998E-003  0.2803927999013022E+001 -0.2091068873656559E-002  0.9999947265062832E+000  0.2137463290016308E+001 -0.1441602628127785E-015  0.4031315945611971E+002  0.6012493538297436E-001  0.2651111216435300E-001  0.1681609673753002E+003 -0.3655219022907409E+002
                      192                        3                        0                      229 -0.9271394410350334E+000  0.2433295600772528E+000 -0.1490139638632571E-003  0.2963007541790040E+001 -0.1814532926532564E-002  0.9999947265062832E+000  0.2201930195447665E+001 -0.3613234325097248E-016  0.3718948347192436E+002  0.4554610562131828E-001  0.2960463740369465E-001  0.1670620728716045E+003 -0.3591744798970775E+002
                      193                        3                        0                      222 -0.9145330931291379E+000  0.2510106297570031E+000 -0.1262866272011559E-003  0.3056539406076849E+001 -0.1537783690174979E-002  0.9999947265062832E+000  0.2097865083733833E+001  0.3331353704305247E-016  0.3329659476816259E+002  0.3350077006913616E-001  0.3150316812550343E-001  0.1557616994589789E+003 -0.3324592219897724E+002
                      194                        3                        0                      209 -0.8824744564129445E+000  0.2666438928288988E+000 -0.1041069422760293E-003  0.3246904589699046E+001 -0.1267703171857301E-002  0.9999947265062832E+000  0.2111383779701717E+001 -0.2667738765276805E-015  0.2969685840303369E+002  0.2318638200940577E-001  0.3554948279147462E-001  0.1499278415264519E+003 -0.3145640946787285E+002
                      195                        3                        0                      208 -0.8768807015395207E+000  0.2679274342428182E+000 -0.1071981560522618E-003  0.3262534186400885E+001 -0.1305344672254351E-002  0.9999947265062832E+000  0.2190368762810946E+001 -0.2015037592248147E-016  0.3051332007462792E+002  0.2441376691746341E-001  0.3589255500996982E-001  0.1549634914059149E+003 -0.3246098680975778E+002
                      196                        3                        0                      195 -0.8421640025567890E+000  0.2857754974062808E+000 -0.8353218311886484E-004  0.3479868840451526E+001 -0.1017165725712914E-002  0.9999947265062832E+000  0.2141486900782200E+001 -0.1357619036324438E-015  0.2622238077945956E+002  0.1532678132418600E-001  0.4083381745890353E-001  0.1438487178228085E+003 -0.2944613282454333E+002
                      197                        3                        0                      182 -0.8035086058453105E+000  0.3061746947407763E+000 -0.6493140933533386E-004  0.3728268482194124E+001 -0.7906653655173225E-003  0.9999947265062832E+000  0.2109608829178713E+001  0.7834725984254555E-016  0.2250453525898973E+002  0.9542546318314046E-002  0.4687147184980349E-001  0.1334250429866422E+003 -0.2649674878868815E+002
                      198                        3                        0                      181 -0.7974301574759789E+000  0.3078252788217004E+000 -0.6515434932651968E-004  0.3748367532546181E+001 -0.7933800906622676E-003  0.9999947265062832E+000  0.2151957057287623E+001 -0.2242133068674943E-016  0.2271076359951740E+002  0.9611298425234775E-002  0.4737820114082864E-001  0.1354367167786382E+003 -0.2682507062460942E+002
                      199                        3                        0                      168 -0.7501317733473775E+000  0.3316653810807712E+000 -0.5116706016105200E-004  0.4038666840070701E+001 -0.6230578196101153E-003  0.9999947265062832E+000  0.2194073824928028E+001  0.1093645133317967E-015  0.1994608367774042E+002  0.6151683079458226E-002  0.5500096250372651E-001  0.1285603521606472E+003 -0.2444913062782809E+002
                      200                        3                        0                      155 -0.7200579014235116E+000  0.3592684055001190E+000 -0.3780807810779022E-004  0.4374786995405614E+001 -0.4603864016291451E-003  0.9999947265062832E+000  0.2101765088697562E+001  0.5345446955458705E-016  0.1628368744484959E+002  0.3424949288631946E-002  0.6453689359529935E-001  0.1132523674939758E+003 -0.2043019965680034E+002
                      201                        3                        0                      154 -0.6952561013696856E+000  0.3615384744325033E+000 -0.3949947005507782E-004  0.4402429470758392E+001 -0.4809823666008689E-003  0.9999947265062832E+000  0.2289712579917448E+001 -0.7105201789481731E-016  0.1751775939562825E+002  0.3825232402193762E-002  0.6535503424749127E-001  0.1225281389935483E+003 -0.2200108152854950E+002
                      202                        3                        0                      135 -0.6370622441433423E+000  0.4123031107677469E+000 -0.2572746006043761E-004  0.5020587002748345E+001 -0.3132815354039878E-003  0.9999947265062832E+000  0.2355432635662430E+001  0.1772106412204475E-016  0.1385619128463923E+002  0.1726521651079040E-002  0.8499692757438067E-001  0.1078509699198953E+003 -0.1731267577907486E+002
                      203                        3                        0                      130 -0.6166270891808374E+000  0.4278840261884928E+000 -0.2342959847799799E-004  0.5210314752574571E+001 -0.2853006308373720E-003  0.9999947265062832E+000  0.2448167522921378E+001  0.6001664442165414E-017  0.1337196658600037E+002  0.1461526646583574E-002  0.9154236993363714E-001  0.1068377026555147E+003 -0.1651513387669413E+002
                      204                        3                        0                      127 -0.6050602249759177E+000  0.4379166222800802E+000 -0.2194389028013886E-004  0.5332480994414112E+001 -0.2672092629256466E-003  0.9999947265062832E+000  0.2496140233620007E+001  0.3268771726640607E-016  0.1301644354125191E+002  0.1301585441056221E-002  0.9588548403459729E-001  0.1056103569727236E+003 -0.1592122450149746E+002
                      205                        3                        0                      108 -0.5711220489409198E+000  0.5147240766713972E+000 -0.1294245652105031E-004  0.6267760154722106E+001 -0.1575994148388167E-003  0.9999947265062832E+000  0.2603516694178267E+001  0.3655767375902842E-016  0.9826904526888159E+001  0.4911394233436971E-003  0.1324704375526113E+000  0.8693564667262875E+002 -0.1059870689131738E+002
                      206                        3                        0                      103 -0.5596848970797511E+000  0.5388946703453740E+000 -0.1133353430959653E-004  0.6562083833780246E+001 -0.1380076782443087E-003  0.9999947265062832E+000  0.2703164176919292E+001  0.1795334929168809E-016  0.9308283285675468E+001  0.3884366868373418E-003  0.1452037328633243E+000  0.8380874202063576E+002 -0.9480717703000405E+001
                      207                        3                        0                       94 -0.5902736946947469E+000  0.5903916277388699E+000 -0.8525114133305658E-005  0.7189158789604461E+001 -0.1038097363246205E-003  0.9999947265062832E+000  0.2619779164743064E+001 -0.6020267220315535E-017  0.7516024206341382E+001  0.2142426884817401E-003  0.1742811370520762E+000  0.6938691714094270E+002 -0.6588602408287105E+001
                      208                        3                        0                       85 -0.6041388705871815E+000  0.6528492667192742E+000 -0.6439112012823228E-005  0.7949701221368951E+001 -0.7840863005040891E-004  0.9999947265062832E+000  0.2738062530621067E+001  0.1375001694184365E-016  0.6424205335713612E+001  0.1239683630833299E-003  0.2131060825279461E+000  0.5994478495004313E+002 -0.4429706938377306E+001
                      209                        3                        0                       76 -0.6294750219632065E+000  0.7280958797859794E+000 -0.4468793601660655E-005  0.8865974122778956E+001 -0.5441619645479896E-004  0.9999947265062832E+000  0.2768785838422057E+001  0.8652337157434239E-017  0.5222882031006134E+001  0.6154957727138577E-004  0.2650618050806586E+000  0.4814414418623587E+002 -0.2389298694902544E+001
                      210                        3                        0                       71 -0.7360487069924371E+000  0.7782041082896055E+000 -0.4226790258571201E-005  0.9476138621144242E+001 -0.5146933816727809E-004  0.9999947265062832E+000  0.2441084374649700E+001 -0.1229816742798231E-017  0.4030788106622230E+001  0.4165668228621892E-004  0.3028008170794103E+000  0.3632601422066128E+002 -0.1229249619645763E+001
                      211                        3                        0                       62 -0.8420175147235155E+000  0.8897925449855225E+000 -0.3365580016919788E-005  0.1083494344289130E+002 -0.4098243949261722E-004  0.9999947265062832E+000  0.2141435923930580E+001 -0.4332142283494457E-017  0.2704639129764071E+001  0.1901289643570245E-004  0.3958653865559049E+000  0.2217408119310253E+002  0.3732560470013541E-001
                      212                        3                        0                       51 -0.8483498508157056E+000  0.1080108451949769E+001 -0.1959180826089371E-005  0.1315240732799693E+002 -0.2385681197792097E-004  0.9999947265062832E+000  0.2551700496405295E+001 -0.7426242866481745E-019  0.2186961799399342E+001  0.7313162597877072E-005  0.5833171339866604E+000  0.1242047975066562E+002  0.9569013553107156E+000
                      213                        3                        0                       46 -0.9084763326880396E+000  0.1187490950306406E+001 -0.1691614219952897E-005  0.1445999672398301E+002 -0.2059867157088684E-004  0.9999947265062832E+000  0.2176445410880225E+001 -0.8325143327725084E-020  0.1543140202624557E+001  0.4368842512064751E-005  0.7050673785298038E+000  0.5534127092286863E+001  0.8889777170045743E+000
                      214                        3                        0                       39 -0.9208647015292932E+000  0.1388807632821210E+001 -0.1060403357423273E-005  0.1691141630650366E+002 -0.1291245972904859E-004  0.9999947265062832E+000  0.2624716284638129E+001 -0.8100581524600374E-019  0.1360356916907801E+001  0.2795296153278098E-005  0.9643933204912186E+000 -0.2479606685080215E+001  0.7453733211458344E+000
                      215                        3                        0                       22 -0.8969066607114039E+000  0.2435425270289367E+001 -0.4404341071649675E-006  0.2965600825909696E+002 -0.5363136237031964E-005  0.9999947265062832E+000  0.3782534466624121E+001 -0.1655504018315001E-018  0.6372887507104388E+000 -0.2198831250673976E-005  0.2965648123582007E+001 -0.4828613813214535E+002 -0.8405450493448598E+001
