                                                                                                                                                                                                                                                                



                        1                        2                        3                        4                        5                        6                        7                        8                        9                       10                       11                       12                       13                       14                       15                       16                       17
                        j                        l                      n_p                      n_g                      eta                Re(omega)                Im(omega)                 Re(freq)                 Im(freq)                    x_ref             Re(xi_r_ref)             Im(xi_r_ref)             Re(xi_h_ref)             Im(xi_h_ref)                        H            Re(lag_L_ref)            Im(lag_L_ref)
                        1                        1                        0                      170 -0.9999997822075597E+000  0.1870297887806255E-001 -0.1373084520794865E-003  0.1047951715630713E+001 -0.7693567365146988E-002  0.9999695354563710E+000  0.6959495525486576E-002  0.5465222350013250E-019  0.1988048918286974E+002  0.3114721834689114E+000  0.1749007094566271E-003  0.1490174492202681E+001 -0.4853242201641588E+000
                        2                        1                        0                      157 -0.9999997823045287E+000  0.2025233612988375E-001 -0.1501003325538466E-003  0.1134764174798668E+001 -0.8410312712326538E-002  0.9999695354563710E+000  0.1475819220588416E-001  0.9741309733882761E-019  0.3600548213376709E+002  0.6242475876406826E+000  0.2050785593588971E-003  0.3104733674801666E+001 -0.9992473568579955E+000
                        3                        1                        0                      151 -0.9999997885807765E+000  0.2114719170847512E-001 -0.1585470392257020E-003  0.1184904072027899E+001 -0.8883592439898854E-002  0.9999695354563710E+000  0.2155302358580715E-001 -0.2214133378882439E-018  0.4818727093733030E+002  0.7435132220210634E+000  0.2236018585774997E-003  0.4478558096466966E+001 -0.1445312364616136E+001
                        4                        1                        0                      145 -0.9999998122575161E+000  0.2208637429351898E-001 -0.1778488653537347E-003  0.1237527667857418E+001 -0.9965098329284376E-002  0.9999695354563710E+000  0.3201628012268565E-001  0.1572152221824289E-017  0.6559644483165869E+002  0.1145126441667168E+001  0.2439039647167077E-003  0.6579748604197893E+001 -0.2105531150219970E+001
                        5                        1                        0                      132 -0.9999999702863468E+000  0.2426029030525235E-001 -0.2539825091506806E-003  0.1359334949413257E+001 -0.1423096331017302E-001  0.9999695354563710E+000  0.7463327037147097E-001 -0.3479012727561504E-018  0.1267652637764802E+003  0.2666632718228212E+001  0.2942808428475600E-003  0.1497210292884405E+002 -0.4741028961322678E+001
                        6                        1                        0                      120 -0.9999996209177469E+000  0.2669842567299898E-001 -0.2098377130134849E-003  0.1495946777840595E+001 -0.1175747418580662E-001  0.9999695354563710E+000  0.1140670140237430E+000  0.9422983571471155E-017  0.1599652730434788E+003  0.2439605743715004E+001  0.3564029667083256E-003  0.2228485582838339E+002 -0.6975146080440436E+001
                        7                        1                        0                      111 -0.9999999011011576E+000  0.2895137245597737E-001 -0.2521471293803634E-003  0.1622182254116312E+001 -0.1412812464518400E-001  0.9999695354563710E+000  0.1902510499612136E+000 -0.6095962911240902E-018  0.2269180794868138E+003  0.3958806533001849E+001  0.4190909835423627E-003  0.3635392869339660E+002 -0.1115833461341169E+002
                        8                        1                        0                      102 -0.9999996558625702E+000  0.3154433690529993E-001 -0.2660225774896299E-003  0.1767469353083432E+001 -0.1490558366634059E-001  0.9999695354563710E+000  0.2857850717636073E+000  0.1407741404727025E-017  0.2872355933085802E+003  0.4874054643043318E+001  0.4975225953975337E-003  0.5328514171373975E+002 -0.1599884797829885E+002
                        9                        1                        0                       92 -0.9999993571335791E+000  0.3508782492008568E-001 -0.2694575872895894E-003  0.1966015497450155E+001 -0.1509805163823666E-001  0.9999695354563710E+000  0.4333325015741427E+000  0.3138956763209435E-019  0.3519490476731581E+003  0.5408549541689108E+001  0.6155777288112960E-003  0.7817814418239486E+002 -0.2269734169376052E+002
                       10                        1                        0                       80 -0.9999995042388660E+000  0.4036897122603186E-001 -0.2806068659047420E-003  0.2261924847928255E+001 -0.1572275991219502E-001  0.9999695354563710E+000  0.7018406159450411E+000 -0.1338405389976812E-016  0.4306112548326566E+003  0.5984584263433918E+001  0.8148269189240951E-003  0.1208034624177295E+003 -0.3295404528212867E+002
                       11                        1                        0                       71 -0.9999986761596841E+000  0.4563554841527708E-001 -0.2716813995689347E-003  0.2557017872250958E+001 -0.1522265467118528E-001  0.9999695354563710E+000  0.9779009997019774E+000  0.8549699401050437E-018  0.4696195904643388E+003  0.5600692019167140E+001  0.1041301639581548E-002  0.1607203204672944E+003 -0.4056926939350809E+002
                       12                        1                        0                       57 -0.9999994137096803E+000  0.5677814663021118E-001 -0.2425858560390129E-003  0.3181351834880847E+001 -0.1359239432826454E-001  0.9999695354563710E+000  0.1601292581961607E+001  0.7608789077524729E-018  0.4966657814449336E+003  0.4239145073875013E+001  0.1611878967380876E-002  0.2370884839783417E+003 -0.4756767546719678E+002
                       13                        1                        0                       50 -0.9999981080980137E+000  0.6518204395887273E-001 -0.1923032830306912E-003  0.3652232900457260E+001 -0.1077499775235310E-001  0.9999695354563710E+000  0.1995393222742588E+001  0.2765679512242102E-018  0.4697642743815716E+003  0.2773195355481607E+001  0.2124349427328216E-002  0.2700774544737873E+003 -0.4237424712270982E+002
                       14                        1                        0                       31 -0.2447464477287363E+000  0.1031244822377951E+000 -0.2814648697467939E-004  0.5778196018356484E+001 -0.1577083495971329E-002  0.9999695354563710E+000  0.3218815708433671E+001 -0.3751559324494588E-017  0.3027228578910969E+003  0.1633981354215261E+000  0.5317329418406672E-002  0.2520842466400184E+003 -0.3070717353502638E+001
                       15                        1                        0                       24 -0.1053577203196386E-001  0.1334889303165304E+000 -0.6828481973332648E-006  0.7479554698476360E+001 -0.3826085376966770E-004  0.9999695354563710E+000  0.3637723891542174E+001 -0.2614969363494736E-016  0.2041669744351148E+003  0.1912302064767538E-002  0.8909647258525787E-002  0.1799323045398748E+003 -0.3881086280503707E+001
                       16                        1                        0                        9 -0.7578536351644781E-001  0.3298103583608843E+000 -0.2556984196413500E-007  0.1847969423108671E+002 -0.1432710795933770E-005  0.9999695354563710E+000  0.2078526550748465E+001  0.5570419739416468E-018  0.1911106023035761E+002  0.8160552259596333E-005  0.5438743624106775E-001  0.1852953425361075E+002 -0.6074747356095056E+001
                       17                        1                        0                        4 -0.2251960659038848E+000  0.7109734165951224E+000 -0.2173091511650614E-008  0.3983674560861559E+002 -0.1217610837666041E-006  0.9999695354563710E+000  0.1228818607771240E+001  0.5695999758100430E-021  0.2430838799171152E+001  0.1997811319685966E-006  0.2527415995524707E+000 -0.9431094022093277E+000  0.1721954307466475E+000
                       19                        2                        0                      299 -0.9999998048836669E+000  0.1825577934038080E-001 -0.9835432009010304E-004  0.1022894556244594E+001 -0.5510917760753680E-002  0.9999695354563710E+000  0.4913459256254237E-005 -0.1203961354035857E-022  0.1474263407152242E-001  0.1601450707051610E-003  0.1666367396623373E-003  0.1350216752528050E-002 -0.4284011769384538E-003
                       20                        2                        0                      293 -0.9999998576810752E+000  0.1861322127879671E-001 -0.1028731281150518E-003  0.1042922483081461E+001 -0.5764112326882677E-002  0.9999695354563710E+000  0.7636574613101669E-005 -0.9548116687323392E-023  0.2204154644250710E-001  0.2431165715329033E-003  0.1732260031867256E-003  0.2090406896543373E-002 -0.6643122458340393E-003
                       21                        2                        0                      290 -0.9999998460699057E+000  0.1883076631607750E-001 -0.1033971476835484E-003  0.1055111808457472E+001 -0.5793473810388078E-002  0.9999695354563710E+000  0.9668167843371598E-005  0.2304029298452541E-021  0.2726567917657414E-001  0.2996475366153703E-003  0.1772988800253592E-003  0.2640534447104944E-002 -0.8397181256315403E-003
                       22                        2                        0                      286 -0.9999997732577983E+000  0.1905640247105193E-001 -0.1007323270376517E-003  0.1067754489457936E+001 -0.5644160517253201E-002  0.9999695354563710E+000  0.1189130131940452E-004 -0.3212208995877981E-022  0.3274485979616302E-001  0.3460347588106924E-003  0.1815732375693567E-003  0.3239777663658214E-002 -0.1031284949040429E-002
                       23                        2                        0                      284 -0.9999997836469894E+000  0.1921265421832861E-001 -0.1027073376064335E-003  0.1076509473768000E+001 -0.5754822873631701E-002  0.9999695354563710E+000  0.1418055284575907E-004 -0.4595359160345592E-022  0.3841640683861836E-001  0.4104570445975952E-003  0.1845630410565303E-003  0.3857143012308157E-002 -0.1228427344432493E-002
                       24                        2                        0                      289 -0.9999998197025295E+000  0.1890458124050704E-001 -0.1021299651116778E-003  0.1059247752640450E+001 -0.5722471957749151E-002  0.9999695354563710E+000  0.1031339856510651E-004 -0.3565623736097945E-021  0.2885845377398566E-001  0.3107965161392031E-003  0.1786915959394653E-003  0.2814469153462383E-002 -0.8954502000166308E-003
                       25                        2                        0                      280 -0.9999998728180449E+000  0.1953874175816443E-001 -0.1119241157216757E-003  0.1094780573737939E+001 -0.6271250684486192E-002  0.9999695354563710E+000  0.2114818437287048E-004 -0.1156304228512082E-020  0.5539525749023178E-001  0.6347799824576474E-003  0.1908812147461190E-003  0.5732789602325915E-002 -0.1827251997194341E-002
                       26                        2                        0                      275 -0.9999998538979141E+000  0.1988260640519234E-001 -0.1116710400899402E-003  0.1114047747654300E+001 -0.6257070534672056E-002  0.9999695354563710E+000  0.2904073069661988E-004  0.6779466278710814E-022  0.7346083362017633E-001  0.8246761907524146E-003  0.1976590187318982E-003  0.7844075271128639E-002 -0.2503272193261085E-002
                       27                        2                        0                      270 -0.9999998456135265E+000  0.2023282385335725E-001 -0.1110097729224877E-003  0.1133670877105550E+001 -0.6220018893479491E-002  0.9999695354563710E+000  0.3943764473620884E-004 -0.5612804334024018E-022  0.9633872601636001E-001  0.1057841060599733E-002  0.2046835805404909E-003  0.1061402349357196E-001 -0.3391126405924429E-002
                       28                        2                        0                      267 -0.9999997933081727E+000  0.2050163157615353E-001 -0.1087153412287803E-003  0.1148732516008943E+001 -0.6091458964844894E-002  0.9999695354563710E+000  0.4872774582757632E-004 -0.4446183183369713E-023  0.1159312089782377E+000  0.1229750458587227E-002  0.2101584486421673E-003  0.1307796797240240E-001 -0.4182392315902829E-002
                       29                        2                        0                      264 -0.9999997376757370E+000  0.2077348699750137E-001 -0.1090774275216464E-003  0.1163964921341932E+001 -0.6111747120773919E-002  0.9999695354563710E+000  0.6124486136132829E-004  0.1149296926661934E-021  0.1419240705494942E+000  0.1489945489003871E-002  0.2157688810176792E-003  0.1639207087731762E-001 -0.5246794851972792E-002
                       30                        2                        0                      261 -0.9999997556519187E+000  0.2095407561787478E-001 -0.1124348189886848E-003  0.1174083531632706E+001 -0.6299866038667454E-002  0.9999695354563710E+000  0.7276949752980325E-004 -0.1771270208938159E-020  0.1657352870121282E+000  0.1778081693316852E-002  0.2195366424998076E-003  0.1944112402355749E-001 -0.6225498499483677E-002
                       31                        2                        0                      258 -0.9999999356277355E+000  0.2123709022645208E-001 -0.1329975645566360E-003  0.1189941200431927E+001 -0.7452022849435588E-002  0.9999695354563710E+000  0.1052702681251425E-003  0.1287780086523036E-020  0.2334012494824865E+000  0.2923422778305245E-002  0.2255070006432338E-003  0.2804522386862667E-001 -0.8982106870606660E-002
                       32                        2                        0                      260 -0.9999998052246726E+000  0.2104501511808494E-001 -0.1164186922321366E-003  0.1179178987596441E+001 -0.6523087528011460E-002  0.9999695354563710E+000  0.8063420424351418E-004  0.3491642846274206E-020  0.1820624372639195E+000  0.2014319974311410E-002  0.2214463306602121E-003  0.2152267319244634E-001 -0.6892968716895535E-002
                       33                        2                        0                      253 -0.9999998270232905E+000  0.2164835014226474E-001 -0.1183094955870276E-003  0.1212984617053197E+001 -0.6629031646998969E-002  0.9999695354563710E+000  0.1293359144292028E-003  0.4687178926794823E-020  0.2759763029332187E+000  0.3016518667546706E-002  0.2343255319410464E-003  0.3431446992908786E-001 -0.1100859696683098E-001
                       34                        2                        0                      250 -0.9999997330413267E+000  0.2195160709489274E-001 -0.1148668462622029E-003  0.1229976490158300E+001 -0.6436135622799497E-002  0.9999695354563710E+000  0.1570288476165991E-003 -0.5676604544158755E-021  0.3258741157729927E+000  0.3410909584279515E-002  0.2409365270242724E-003  0.4153638827307567E-001 -0.1333831285918109E-001
                       35                        2                        0                      246 -0.9999997981896822E+000  0.2235775240904148E-001 -0.1245912424713062E-003  0.1252733329137399E+001 -0.6981005921656310E-002  0.9999695354563710E+000  0.2225431321550506E-003 -0.3943701394958375E-020  0.4452011118936415E+000  0.4962363009969741E-002  0.2499345463920002E-003  0.5863311847947323E-001 -0.1884319036329771E-001
                       36                        2                        0                      243 -0.9999999973332423E+000  0.2262538570608979E-001 -0.1952938410406323E-003  0.1267729163471075E+001 -0.1094256252466255E-001  0.9999695354563710E+000  0.3906356092327186E-003 -0.2829100690023232E-020  0.7629969769602998E+000  0.1317317750466332E-001  0.2559540391746654E-003  0.1026694401645340E+000 -0.3294273541369881E-001
                       37                        2                        0                      238 -0.9999999144125575E+000  0.2305632577298474E-001 -0.1382339167647333E-003  0.1291875284010530E+001 -0.7745422329587845E-002  0.9999695354563710E+000  0.3811366826531762E-003 -0.9512662168031576E-020  0.7169583617058067E+000  0.8597905723282222E-002  0.2657970790750000E-003  0.9974448852112672E-001 -0.3209835506293349E-001
                       38                        2                        0                      235 -0.9999999214531441E+000  0.2340886764442831E-001 -0.1446437159504077E-003  0.1311628653857100E+001 -0.8104571537704349E-002  0.9999695354563710E+000  0.4902163662125136E-003 -0.1648846054270588E-019  0.8945740349319895E+000  0.1105544382751521E-001  0.2739875421971805E-003  0.1278610968313833E+000 -0.4117308127805022E-001
                       39                        2                        0                      232 -0.9999999478934044E+000  0.2376287544349124E-001 -0.1583351301339584E-003  0.1331464161494324E+001 -0.8871718903725916E-002  0.9999695354563710E+000  0.6488147933093471E-003 -0.7964648268699470E-022  0.1148959557834909E+001  0.1531207392988299E-001  0.2823371246714390E-003  0.1686668045472323E+000 -0.5433399339334356E-001
                       40                        2                        0                      229 -0.9999999820822276E+000  0.2400400800073772E-001 -0.1797931272754328E-003  0.1344975125641177E+001 -0.1007403779982342E-001  0.9999695354563710E+000  0.8246053142133754E-003 -0.7458951177471634E-019  0.1431018480728300E+001  0.2143796264716338E-001  0.2880962000497404E-003  0.2138904993314887E+000 -0.6889303810590956E-001
                       41                        2                        0                      227 -0.9999999753077247E+000  0.2428377192268445E-001 -0.1746657293264587E-003  0.1360650654330329E+001 -0.9786743165509773E-002  0.9999695354563710E+000  0.9383140216143269E-003 -0.6123416695420166E-019  0.1591066309558820E+001  0.2288911675382667E-001  0.2948507893964782E-003  0.2427464341547238E+000 -0.7824758694020455E-001
                       42                        2                        0                      222 -0.9999999706089812E+000  0.2480299682826415E-001 -0.1746742534942258E-003  0.1389743486768837E+001 -0.9787220785481117E-002  0.9999695354563710E+000  0.1232543407141058E-002 -0.2793037680649459E-019  0.2003406025073476E+001  0.2821923939370069E-001  0.3075943258314406E-003  0.3173356100995719E+000 -0.1024006237906708E+000
                       43                        2                        0                      219 -0.9999999772909705E+000  0.2514841124641716E-001 -0.1851048766210081E-003  0.1409097496334212E+001 -0.1037166187756993E-001  0.9999695354563710E+000  0.1534874674211909E-002  0.3685361829743851E-019  0.2426726768678306E+001  0.3572657941489158E-001  0.3162212941094606E-003  0.3939353006204075E+000 -0.1271633578978372E+000
                       44                        2                        0                      215 -0.9999999886642910E+000  0.2563904212354170E-001 -0.2047970517713680E-003  0.1436588168957873E+001 -0.1147503951959494E-001  0.9999695354563710E+000  0.2103948349005763E-002 -0.2115722876883116E-019  0.3200280781559139E+001  0.5112869993764660E-001  0.3286802405063723E-003  0.5376162328704517E+000 -0.1735978283926317E+000
                       45                        2                        0                      213 -0.9999999619330443E+000  0.2588685591547892E-001 -0.1806196489427148E-003  0.1450473491189733E+001 -0.1012034886101218E-001  0.9999695354563710E+000  0.2139777225457012E-002 -0.3817134109384033E-020  0.3192907046968805E+001  0.4455747612501416E-001  0.3350646545943833E-003  0.5455219738214211E+000 -0.1763559413326382E+000
                       46                        2                        0                      209 -0.9999999637874790E+000  0.2643573575886178E-001 -0.1856869959938250E-003  0.1481227927544407E+001 -0.1040427876707307E-001  0.9999695354563710E+000  0.2793227270518770E-002 -0.1794173735082987E-019  0.3996675897362470E+001  0.5614929024330095E-001  0.3494240625561815E-003  0.7086434545818122E+000 -0.2292617294194751E+000
                       47                        2                        0                      207 -0.9999999363481809E+000  0.2670989135959998E-001 -0.1769507408300527E-003  0.1496589214856791E+001 -0.9914775268900314E-002  0.9999695354563710E+000  0.3031962844783564E-002  0.2033798757054656E-019  0.4249737763099918E+001  0.5631080171030880E-001  0.3567091482208165E-003  0.7673320820867950E+000 -0.2484181210207694E+000
                       48                        2                        0                      203 -0.9999999222328811E+000  0.2714192508066461E-001 -0.1781938609496332E-003  0.1520796614231606E+001 -0.9984428871705663E-002  0.9999695354563710E+000  0.3649397766798076E-002 -0.3375320225010710E-019  0.4953628330815711E+001  0.6504589539632299E-001  0.3683420485422041E-003  0.9201004866242791E+000 -0.2980515648989251E+000
                       49                        2                        0                      233 -0.1000000000000000E+001  0.2361307462118494E-001 -0.6993057776362277E-003  0.1323070630722447E+001 -0.3918299294471909E-001  0.9999695354563710E+000  0.2695188017074304E-002 -0.1540790188894367E-018  0.4821488458479884E+001  0.2858293221517216E+000  0.2787886465328244E-003  0.7024789117342740E+000 -0.2223541211103055E+000
                       50                        2                        0                      195 -0.9999999741886689E+000  0.2833430799923591E-001 -0.2144626626880560E-003  0.1587607347075410E+001 -0.1201661600368342E-001  0.9999695354563710E+000  0.6614680337665661E-002 -0.1738409644785264E-018  0.8238510446586288E+001  0.1247218539410238E+000  0.4014165048977826E-003  0.1650798100427422E+001 -0.5349914958680638E+000
                       51                        2                        0                      191 -0.9999998922676943E+000  0.2898957566399113E-001 -0.1883781770257337E-003  0.1624322828494417E+001 -0.1055506906619326E-001  0.9999695354563710E+000  0.7606619520221299E-002  0.2676365831433183E-018  0.9050918102465181E+001  0.1176331396446428E+000  0.4201977485891332E-003  0.1887737686831936E+001 -0.6126540350893459E+000
                       52                        2                        0                      200 -0.9999999136883898E+000  0.2756473072480813E-001 -0.1780200188140352E-003  0.1544486952709091E+001 -0.9974688275545200E-002  0.9999695354563710E+000  0.4320612448505874E-002  0.1234234898268309E-018  0.5686213655586551E+001  0.7344980939132902E-001  0.3799071899655906E-003  0.1085331775910291E+001 -0.3517769837516278E+000
                       53                        2                        0                      189 -0.9999999667027214E+000  0.2932748513181439E-001 -0.2198718194212212E-003  0.1643256326138933E+001 -0.1231969794135724E-001  0.9999695354563710E+000  0.9512104245639105E-002  0.2595293245470141E-018  0.1105842834428392E+002  0.1658222621228735E+000  0.4300506920783974E-003  0.2354129327997784E+001 -0.7635805624112836E+000
                       54                        2                        0                      198 -0.9999999139760274E+000  0.2788163800867008E-001 -0.1793690229535080E-003  0.1562243671250250E+001 -0.1005027469477661E-001  0.9999695354563710E+000  0.4911987122295845E-002 -0.9331314227496186E-019  0.6318390535486521E+001  0.8129944594811309E-001  0.3886928690232584E-003  0.1230519175878555E+001 -0.3989781729970022E+000
                       55                        2                        0                      177 -0.9999998882240048E+000  0.3133387800250344E-001 -0.2062665942913128E-003  0.1755677072843302E+001 -0.1155737985773085E-001  0.9999695354563710E+000  0.1685237866081344E-001  0.8534162747622338E-019  0.1716390805973393E+002  0.2259850059828668E+000  0.4909059553378861E-003  0.4102666375128365E+001 -0.1333044975160245E+001
                       56                        2                        0                      186 -0.1000000000000000E+001  0.2970406195167321E-001 -0.1158438591635003E-002  0.1664356404741957E+001 -0.6490878899407099E-001  0.9999695354563710E+000  0.4657098381380589E-001  0.1015107512861677E-017  0.5254631974500578E+002  0.4104785922607546E+001  0.4411656482144208E-003  0.1151466481849570E+002 -0.3638662298738618E+001
                       57                        2                        0                      172 -0.9999998945879247E+000  0.3230728909416145E-001 -0.2150697853157065E-003  0.1810218535471668E+001 -0.1205063385738430E-001  0.9999695354563710E+000  0.2257747590986044E-001 -0.2760711260583119E-018  0.2162998874743905E+002  0.2879944054175748E+000  0.5218804643068616E-003  0.5454108334289856E+001 -0.1772353429790564E+001
                       58                        2                        0                       63 -0.1000000000000000E+001  0.3268431670231269E-001 -0.4442165997081271E-002  0.1831343872316574E+001 -0.2489002157414599E+000  0.9999695354563710E+000  0.5046334397732500E+000  0.5988058423010909E-018  0.4470350530677478E+003  0.1238010113198734E+003  0.5341322791485406E-003  0.1226087817871203E+003 -0.3549207485455601E+002
                       59                        2                        0                      165 -0.9999999144991932E+000  0.3359276557733071E-001 -0.2261621999243083E-003  0.1882245419249003E+001 -0.1267215596866711E-001  0.9999695354563710E+000  0.3211139425520711E-001 -0.1835593890852746E-017  0.2845432337941226E+002  0.3831517632355307E+000  0.5642369495667466E-003  0.7680021180391929E+001 -0.2495364367316156E+001
                       60                        2                        0                       82 -0.1000000000000000E+001  0.2502534422406867E-001 -0.2977479842366408E-002  0.1402201894406386E+001 -0.1668319859315893E+000  0.9999695354563710E+000  0.5466781307242924E-001  0.1168078477952185E-017  0.8367776453283332E+002  0.2019763831296264E+002  0.3131339267665633E-003  0.1412186442099778E+002 -0.4175062398014446E+001
                       61                        2                        0                      155 -0.9999999417511002E+000  0.3593678725168881E-001 -0.2569134734256998E-003  0.2013583937628039E+001 -0.1439518896965133E-001  0.9999695354563710E+000  0.5782930465727637E-001  0.2613657448561377E-017  0.4477571887822427E+002  0.6402395456311547E+000  0.6457263389865719E-003  0.1358864999709596E+002 -0.4409402112220616E+001
                       62                        2                        0                      151 -0.9999999377372099E+000  0.3672704138426180E-001 -0.2674156678021805E-003  0.2057862882678098E+001 -0.1498364028997172E-001  0.9999695354563710E+000  0.6903537404280610E-001  0.8299079620366610E-018  0.5117648071441560E+002  0.7452883862584525E+000  0.6744377844206403E-003  0.1612783378361424E+002 -0.5229846844142412E+001
                       63                        2                        0                      143 -0.1000000000000000E+001  0.3624392552592916E-001 -0.2194955034442933E-002  0.2030793286124046E+001 -0.1229861247811569E+000  0.9999695354563710E+000  0.3413662184366549E+000 -0.9031020963797983E-017  0.2570480015509395E+003  0.3124858542451123E+002  0.6568110687645508E-003  0.8040346533762904E+002 -0.2481980701484044E+002
                       64                        2                        0                      145 -0.9999999305236920E+000  0.3834071084551688E-001 -0.2886842371180632E-003  0.2148278836810765E+001 -0.1617534530385766E-001  0.9999695354563710E+000  0.9627405093001092E-001  0.1471395053558661E-017  0.6548694963680440E+002  0.9862170600073774E+000  0.7350050540697674E-003  0.2223053903936500E+002 -0.7196533659968232E+001
                       65                        2                        0                      142 -0.9999999664956430E+000  0.3923077306943393E-001 -0.3186608476759966E-003  0.2198150156275602E+001 -0.1785497295396568E-001  0.9999695354563710E+000  0.1181614351104109E+000  0.8442670706913378E-018  0.7676720881218054E+002  0.1247200195335535E+001  0.7695267778127118E-003  0.2711396715484777E+002 -0.8763549810389950E+001
                       66                        2                        0                      135 -0.9999999709289213E+000  0.4121134502493009E-001 -0.3580238449575602E-003  0.2309124124231411E+001 -0.2006053180116974E-001  0.9999695354563710E+000  0.1697221633959896E+000 -0.4602181218673624E-017  0.9991860030508785E+002  0.1736218254899031E+001  0.8491874793819136E-003  0.3841307551975211E+002 -0.1237445200284143E+002
                       67                        2                        0                      132 -0.9999999733762301E+000  0.4217763814168807E-001 -0.3671606507168984E-003  0.2363266757664871E+001 -0.2057247865911727E-001  0.9999695354563710E+000  0.1960596353231510E+000 -0.6289009722511309E-017  0.1101956985234912E+003  0.1918674918265469E+001  0.8894765796055872E-003  0.4408126284613333E+002 -0.1417752171089793E+002
                       68                        2                        0                      139 -0.9999999917474078E+000  0.4016815233025083E-001 -0.3967088933539903E-003  0.2250672709553033E+001 -0.2222810430930357E-001  0.9999695354563710E+000  0.1560046703334567E+000 -0.1438123860252819E-017  0.9666883890193107E+002  0.1909628374901137E+001  0.8067402308131185E-003  0.3556929723075804E+002 -0.1146271805969105E+002
                       69                        2                        0                      127 -0.9999999715630103E+000  0.4388293978010878E-001 -0.3525394936426241E-003  0.2458816979332873E+001 -0.1975323661535578E-001  0.9999695354563710E+000  0.2362330359448693E+000  0.1194642661679388E-017  0.1226605213243793E+003  0.1970945963053592E+001  0.9628562018723310E-003  0.5250171796065366E+002 -0.1684351346984696E+002
                       70                        2                        0                      124 -0.9999999553783518E+000  0.4505174178097896E-001 -0.3474854961503627E-003  0.2524306443339122E+001 -0.1947005470207132E-001  0.9999695354563710E+000  0.2676158918060703E+000  0.2600558949502744E-018  0.1318411293428520E+003  0.2033910008186798E+001  0.1014829718750003E-002  0.5901368667776562E+002 -0.1889253944111131E+002
                       71                        2                        0                      161 -0.9999998860030219E+000  0.3448603181654485E-001 -0.2302756279939565E-003  0.1932296263769683E+001 -0.1290263657984759E-001  0.9999695354563710E+000  0.3983853117108151E-001  0.1335524970206754E-018  0.3349642415272302E+002  0.4473547511126334E+000  0.5946431952258714E-003  0.9463218354709063E+001 -0.3074194280125838E+001
                       72                        2                        0                      118 -0.9999999355153512E+000  0.4748459303741247E-001 -0.4041671367764845E-003  0.2660622196282855E+001 -0.2264599918268986E-001  0.9999695354563710E+000  0.3751015999782616E+000 -0.1139751448271349E-016  0.1663369683081698E+003  0.2831772366432427E+001  0.1127393287964343E-002  0.8142017057182788E+002 -0.2589119584049136E+002
                       73                        2                        0                      111 -0.9999999692340161E+000  0.5029926980265145E-001 -0.4036645582257182E-003  0.2818332118552930E+001 -0.2261783906670254E-001  0.9999695354563710E+000  0.4823057142130606E+000 -0.7003983818799635E-018  0.1906140146452978E+003  0.3059649531547335E+001  0.1265008271339962E-002  0.1028175545009995E+003 -0.3245240072079378E+002
                       74                        2                        0                      106 -0.9999999158666290E+000  0.5281214348752215E-001 -0.3851937928572195E-003  0.2959131630031409E+001 -0.2158289856962298E-001  0.9999695354563710E+000  0.5728877725493181E+000 -0.1619758200855057E-016  0.2053867130592340E+003  0.2996200370804187E+001  0.1394561249873313E-002  0.1202052393023841E+003 -0.3766171376240850E+002
                       75                        2                        0                      103 -0.9999998709043799E+000  0.5434981360112340E-001 -0.4009827921424373E-003  0.3045289243967048E+001 -0.2246757629913930E-001  0.9999695354563710E+000  0.6540416926460874E+000 -0.1509595878170693E-017  0.2214002422350910E+003  0.3267077003556078E+001  0.1476951119238431E-002  0.1359337461782646E+003 -0.4234920583138104E+002
                       76                        2                        0                      100 -0.9999998950196012E+000  0.5592574380767948E-001 -0.4196224321827043E-003  0.3133590619616454E+001 -0.2351197905905730E-001  0.9999695354563710E+000  0.7450860955306081E+000 -0.5122675621989051E-017  0.2382041165578492E+003  0.3574789961005314E+001  0.1563844410221098E-002  0.1533662365777386E+003 -0.4748116710675166E+002
                       77                        2                        0                       97 -0.9999999000099745E+000  0.5768707547972361E-001 -0.4151833248826509E-003  0.3232280275395211E+001 -0.2326325022600407E-001  0.9999695354563710E+000  0.8269978571596367E+000 -0.1609179811638064E-016  0.2484960809026196E+003  0.3577118887545696E+001  0.1663899338701664E-002  0.1683966367233946E+003 -0.5177377586748128E+002
                       78                        2                        0                       96 -0.9999998874465893E+000  0.5831128986393969E-001 -0.4074906755015362E-003  0.3267255801974449E+001 -0.2283222128835498E-001  0.9999695354563710E+000  0.8497704622137280E+000  0.3617327098295312E-016  0.2499035358051769E+003  0.3492919342202426E+001  0.1700103262798193E-002  0.1723713981313736E+003 -0.5286622853306374E+002
                       79                        2                        0                       89 -0.9999995687374192E+000  0.6293059053698975E-001 -0.3794654683181133E-003  0.3526081099104784E+001 -0.2126193325347823E-001  0.9999695354563710E+000  0.1050627345069308E+001 -0.2235068970686724E-016  0.2652878767614938E+003  0.3199436615922961E+001  0.1980129612667139E-002  0.2072026549266584E+003 -0.6223475281897012E+002
                       80                        2                        0                       85 -0.9999997959936745E+000  0.6585123813348938E-001 -0.4007931500376952E-003  0.3689728701952399E+001 -0.2245695041059416E-001  0.9999695354563710E+000  0.1241318634451991E+001  0.2363671615295479E-016  0.2862508677839444E+003  0.3484569265106326E+001  0.2168192781856759E-002  0.2405393122486313E+003 -0.7109473829297747E+002
                       81                        2                        0                       84 -0.9999998271805609E+000  0.6666011571740585E-001 -0.4033789256416194E-003  0.3735051142689085E+001 -0.2260183470940213E-001  0.9999695354563710E+000  0.1291107107163674E+001  0.1556688800114773E-017  0.2905508363341972E+003  0.3516536309272934E+001  0.2221785513728969E-002  0.2489667155754671E+003 -0.7324420500911391E+002
                       82                        2                        0                       77 -0.9999997996317858E+000  0.7290829476139962E-001 -0.3917518970086471E-003  0.4085144568523047E+001 -0.2195035749376444E-001  0.9999695354563710E+000  0.1634401959910582E+001  0.2218951003004267E-017  0.3074730569972708E+003  0.3304331822263210E+001  0.2657809722507570E-002  0.3033615420232349E+003 -0.8582227096054203E+002
                       83                        2                        0                       74 -0.9999997251697089E+000  0.7591334865325142E-001 -0.3862389023934956E-003  0.4253521563549364E+001 -0.2164145738737618E-001  0.9999695354563710E+000  0.1805195536396036E+001 -0.1769750695747371E-016  0.3132520486580997E+003  0.3187667437159974E+001  0.2881418251875056E-002  0.3288648448924368E+003 -0.9107659792336231E+002
                       84                        2                        0                       69 -0.9999992227357829E+000  0.8150672470182867E-001 -0.3618716124033112E-003  0.4566925543978896E+001 -0.2027612710940443E-001  0.9999695354563710E+000  0.2091793740693479E+001 -0.1206831760296942E-016  0.3148806561524552E+003  0.2796053062424832E+001  0.3321673085809837E-002  0.3677254795451703E+003 -0.9751703716258274E+002
                       85                        2                        0                       68 -0.9999988862441185E+000  0.8269708587187287E-001 -0.3503889140232128E-003  0.4633622995679019E+001 -0.1963273690156923E-001  0.9999695354563710E+000  0.2133219204662967E+001 -0.1194312317040415E-016  0.3119402236883207E+003  0.2643438999429799E+001  0.3419404005849956E-002  0.3720975715205395E+003 -0.9772435574896168E+002
                       86                        2                        0                       62 -0.9999994238875833E+000  0.9024617611387831E-001 -0.3282247921909163E-003  0.5056608132011495E+001 -0.1839085294014066E-001  0.9999695354563710E+000  0.2553097824440560E+001 -0.8743407565807311E-016  0.3134962096983829E+003  0.2280397305708342E+001  0.4072186151588580E-002  0.4232044297941478E+003 -0.1038819019287432E+003
                       87                        2                        0                       59 -0.9999997642031840E+000  0.9495072079972236E-001 -0.3157445080873446E-003  0.5320209759695220E+001 -0.1769156673428190E-001  0.9999695354563710E+000  0.2830100585054599E+001 -0.8540602639090651E-016  0.3139284126939617E+003  0.2087867072984445E+001  0.4507819690193420E-002  0.4536591992340973E+003 -0.1064072977573466E+003
                       88                        2                        0                       54 -0.9999997620833445E+000  0.1042053684544692E+000 -0.2575508125272108E-003  0.5838759449056489E+001 -0.1443089989084851E-001  0.9999695354563710E+000  0.3207486955724816E+001  0.4247539274120093E-016  0.2954040479553997E+003  0.1460231347596398E+001  0.5429379407365844E-002  0.4792015763640146E+003 -0.1025558499361117E+003
                       89                        2                        0                       51 -0.9991026766155897E+000  0.1106171897927200E+000 -0.2203463323222681E-003  0.6198021960956072E+001 -0.1234628550326292E-001  0.9999695354563710E+000  0.3450833316925038E+001 -0.1498713920034816E-016  0.2820416595226818E+003  0.1123642140037998E+001  0.6118081338819324E-002  0.4893800209763154E+003 -0.9839135430205469E+002
                       90                        2                        0                       48 -0.9962162562864606E+000  0.1176849257446589E+000 -0.1676584997731170E-003  0.6594036203646938E+001 -0.9394119173357600E-002  0.9999695354563710E+000  0.3545350496003754E+001 -0.1887317487434891E-016  0.2560085954817179E+003  0.7294406068471876E+000  0.6924870873762943E-002  0.4733589291918229E+003 -0.8938029143103377E+002
                       91                        2                        0                       43 -0.8065176493800083E+000  0.1301614655597377E+000 -0.1180642773978089E-003  0.7293112612254909E+001 -0.6615291759691659E-002  0.9999695354563710E+000  0.3958499815087997E+001  0.1179860836066122E-016  0.2336707675444609E+003  0.4239067620129983E+000  0.8471003558329361E-002  0.4726814138687274E+003 -0.8186359178465148E+002
                       92                        2                        0                       38 -0.4694120324887656E+000  0.1476138931043580E+000 -0.6865854518870759E-004  0.8270994344707583E+001 -0.3847025689988290E-002  0.9999695354563710E+000  0.4488271678373704E+001  0.1598357067715194E-017  0.2059985141586889E+003  0.1916287813502908E+000  0.1089493071871244E-001  0.4563826324316706E+003 -0.7573246123247722E+002
                       93                        2                        0                       35 -0.3234805845305004E+000  0.1595784817801872E+000 -0.4118487067078371E-004  0.8941385479264103E+001 -0.2307640732466452E-002  0.9999695354563710E+000  0.4552063164005139E+001  0.2755871295388356E-017  0.1787718806532938E+003  0.9227636186028718E-001  0.1273264592363474E-001  0.4152571200464948E+003 -0.7047131472471311E+002
                       94                        2                        0                       30 -0.1602737019738779E+000  0.1843721100440490E+000 -0.2010795799718244E-004  0.1033060403344320E+002 -0.1126674484228501E-002  0.9999695354563710E+000  0.5515797308488308E+001  0.1194203705619115E-016  0.1622771994416507E+003  0.3539618118143279E-001  0.1699653748104747E-001  0.4071359025148114E+003 -0.7809540382409342E+002
                       95                        2                        0                       27 -0.9342506912804774E-001  0.2050326418361381E+000 -0.9388690772749994E-005  0.1148823993083269E+002 -0.5260602959013138E-003  0.9999695354563710E+000  0.5935167742598007E+001  0.6851840673951384E-017  0.1411973806440996E+003  0.1293086817968408E-001  0.2101919210915293E-001  0.3732654385521127E+003 -0.8098050257508102E+002
                       96                        2                        0                       24 -0.4652223733288436E-001  0.2309100431677408E+000 -0.3230397417720833E-005  0.1293818366965205E+002 -0.1810032796454860E-003  0.9999695354563710E+000  0.6259430366278601E+001  0.1625645667366774E-016  0.1174056145852657E+003  0.3284874827861429E-002  0.2665972401786398E-001  0.3284492106055453E+003 -0.8165204663856883E+002
                       97                        2                        0                       19 -0.8548155288230610E-003  0.2921636358781339E+000 -0.1728144636805080E-007  0.1637030044569639E+002 -0.9683014394686112E-006  0.9999695354563710E+000  0.5907427762457193E+001 -0.5258988865672748E-017  0.6921265669612229E+002  0.6977405969092813E-005  0.4267979506476543E-001  0.2152277267770457E+003 -0.6576378161598555E+002
                       98                        2                        0                       14 -0.7076709275941720E-002  0.3750369961311107E+000 -0.4131956426272595E-007  0.2101380031934784E+002 -0.2315187785889364E-005  0.9999695354563710E+000  0.5655360264408857E+001  0.1921781297691260E-017  0.4021152395078374E+002  0.6218743407495182E-005  0.7032637423352341E-001  0.1370148331470544E+003 -0.4682909364739760E+002
                       99                        2                        0                       11 -0.5938094819288352E-001  0.4705523253907369E+000 -0.7377492988510281E-007  0.2636564580980411E+002 -0.4133703237739952E-005  0.9999695354563710E+000  0.4429687346160090E+001 -0.2533876763475963E-018  0.2000700217048166E+002 -0.5376678520864619E-005  0.1107097454653149E+000  0.7120231242624416E+002 -0.2496100350339891E+002
                      100                        2                        0                        8 -0.1711693357598164E+000  0.6323944341377739E+000 -0.2752739630362133E-007  0.3543386518964223E+002 -0.1542395057562875E-005  0.9999695354563710E+000  0.3114844269808818E+001 -0.1255906672030389E-017  0.7787271870692019E+001 -0.1752325398484376E-004  0.1999613601642173E+000  0.2589648816421280E+002 -0.8762654579414546E+001
                      101                        3                        0                      419 -0.9999999374516592E+000  0.1825827809111394E-001 -0.1064111409493433E-003  0.1023034564429108E+001 -0.5962351689916348E-002  0.9999695354563710E+000  0.1642573664534068E-008  0.3127736249995202E-026  0.5059452918099837E-005  0.2439692102869200E-006  0.1666823594262254E-003  0.5342399603331493E-006 -0.1370872576264015E-006
                      102                        3                        0                      414 -0.9999999845208297E+000  0.1848309104469945E-001 -0.1194974783943453E-003  0.1035631120407807E+001 -0.6695595836007847E-002  0.9999695354563710E+000  0.3073526182143388E-008 -0.1940138674453725E-024  0.8975993978056961E-005  0.6347577319039304E-007  0.1708123272833243E-003  0.9574163109858864E-006 -0.2890134167884966E-006
                      103                        3                        0                      405 -0.9999998728724020E+000  0.1890401714478456E-001 -0.1031966909088852E-003  0.1059216145639019E+001 -0.5782241962120072E-002  0.9999695354563710E+000  0.5008431647855088E-008 -0.1618367994039485E-025  0.1403298281346385E-004  0.2700784642584722E-006  0.1786809321051541E-003  0.1567187341212261E-005 -0.4503054573833785E-006
                      104                        3                        0                      384 -0.9999999075855974E+000  0.1998257998576372E-001 -0.1103463753082896E-003  0.1119649394641155E+001 -0.6182847880643689E-002  0.9999695354563710E+000  0.2992852929981872E-007 -0.4921601358383115E-024  0.7487828372881060E-004  0.9850107366999828E-006  0.1996517514437228E-003  0.9246847717709923E-005 -0.2731040712035045E-005
                      106                        3                        0                      360 -0.9999998793979064E+000  0.2141459455741829E-001 -0.1143023118652130E-003  0.1199886994060882E+001 -0.6404504041877808E-002  0.9999695354563710E+000  0.2095957872109399E-006  0.4054822072389487E-023  0.4570851093151773E-003  0.4823323153592713E-005  0.2292924300293046E-003  0.6405557823420841E-004 -0.1918997391062976E-004
                      107                        3                        0                      248 -0.1000000000000000E+001  0.2174934360750265E-001 -0.8621011182969350E-003  0.1218643409476243E+001 -0.4830462312215462E-001  0.9999695354563710E+000  0.8134429049153185E-005  0.1858713040702380E-022  0.1711700890609745E-001  0.1359083821982983E-002  0.2365169736786083E-003  0.2481292062978947E-002 -0.7291279002731786E-003
                      108                        3                        0                      340 -0.9999999994155304E+000  0.2267307128456924E-001 -0.1849991784372935E-003  0.1270401047137532E+001 -0.1036573947378148E-001  0.9999695354563710E+000  0.1516952037742625E-005 -0.1953669662230166E-023  0.2950727782640060E-002  0.4840884271706678E-004  0.2570340807375792E-003  0.4591657255060377E-003 -0.1379277872735529E-003
                      109                        3                        0                      326 -0.9999998798296499E+000  0.2370582102550035E-001 -0.1256501917175729E-003  0.1328267329823408E+001 -0.7040340195978391E-002  0.9999695354563710E+000  0.2683069151816916E-005  0.1693301289730992E-022  0.4774497462324632E-002  0.5076862242948350E-004  0.2809829752465270E-003  0.8056631742000998E-003 -0.2434651322983453E-003
                      110                        3                        0                      322 -0.9999999182010605E+000  0.2400870392595921E-001 -0.1311913928104211E-003  0.1345238244309301E+001 -0.7350820747219143E-002  0.9999695354563710E+000  0.3707424481496166E-005 -0.3689130583948741E-022  0.6431730906794546E-002  0.7034237762779069E-004  0.2882089321021850E-003  0.1110681772727880E-002 -0.3360266165717962E-003
                      111                        3                        0                      307 -0.9999999995373209E+000  0.2527587016865906E-001 -0.2165894490387198E-003  0.1416239182004003E+001 -0.1213578255033296E-001  0.9999695354563710E+000  0.1805233033155686E-004 -0.1109029555995912E-021  0.2825299751084686E-001  0.4842686126765007E-003  0.3194348063914552E-003  0.5357849502566153E-002 -0.1625480411860092E-002
                      112                        3                        0                      297 -0.9999998192521959E+000  0.2609693698156292E-001 -0.1317505985212017E-003  0.1462244600757872E+001 -0.7382153755069056E-002  0.9999695354563710E+000  0.2043632351976069E-004 -0.5890095019268895E-021  0.3000726339284582E-001  0.3029921952176906E-003  0.3405250599098323E-003  0.6028347089319307E-002 -0.1838484219739201E-002
                      113                        3                        0                      192 -0.1000000000000000E+001  0.2634624555388554E-001 -0.1263947673501323E-002  0.1476213677437596E+001 -0.7082059716523469E-001  0.9999695354563710E+000  0.4851453969006512E-003  0.1000752252977994E-019  0.6941872276096042E+000  0.6676021817642352E-001  0.3470623273928164E-003  0.1430145931484800E+000 -0.4243074686838340E-001
                      114                        3                        0                      280 -0.9999999999998892E+000  0.2771252271430163E-001 -0.3904922990282040E-003  0.1552767926021201E+001 -0.2187978061543847E-001  0.9999695354563710E+000  0.1775265264828732E-003  0.3762387303237998E-020  0.2310426290409885E+000  0.6512455908748535E-002  0.3839919575953426E-003  0.5177648816555801E-001 -0.1578162452260132E-001
                      115                        3                        0                      258 -0.9999999944925032E+000  0.3014650238139409E-001 -0.2283097345180802E-003  0.1689146905250634E+001 -0.1279248506579075E-001  0.9999695354563710E+000  0.3882240335940771E-003  0.8023394373750677E-020  0.4271432837165789E+000  0.6470063458009214E-002  0.4544058029156989E-003  0.1113017693827554E+000 -0.3433363914135451E-001
                      116                        3                        0                      273 -0.9999999999999999E+000  0.2847131298209987E-001 -0.5440969722230451E-003  0.1595283910674092E+001 -0.3048644599494318E-001  0.9999695354563710E+000  0.4019131820747892E-003 -0.2289124511126674E-019  0.4953146604148208E+000  0.1893813695359694E-001  0.4053078314623435E-003  0.1166127209096695E+000 -0.3550645436165104E-001
                      117                        3                        0                      243 -0.9999999896577351E+000  0.3204569766877421E-001 -0.2340534528562600E-003  0.1795561234898529E+001 -0.1311431291609406E-001  0.9999695354563710E+000  0.9531263641117836E-003 -0.7697862841465842E-021  0.9280708560163737E+000  0.1355756142950034E-001  0.5134633695392399E-003  0.2697817732786599E+000 -0.8368076410140034E-001
                      118                        3                        0                      251 -0.9999997512860033E+000  0.3110738917528154E-001 -0.1548579485785767E-003  0.1742986615531351E+001 -0.8676887994688435E-002  0.9999695354563710E+000  0.4501460392333114E-003  0.1771732439569747E-019  0.4651935781069322E+000  0.4631679529858564E-002  0.4838348306512108E-003  0.1282041344320820E+000 -0.3973017951780275E-001
                      119                        3                        0                      228 -0.9999999938385816E+000  0.3423761598805880E-001 -0.2719629060644464E-003  0.1918377208663593E+001 -0.1523842783848960E-001  0.9999695354563710E+000  0.2544081141537308E-002 -0.1246195712302339E-018  0.2170108310071983E+001  0.3447829971818743E-001  0.5861071742728886E-003  0.7098914496917103E+000 -0.2213093410254597E+000
                      120                        3                        0                      216 -0.9999999854362803E+000  0.3631756606777584E-001 -0.2716320523385489E-003  0.2034919459428917E+001 -0.1521988968304721E-001  0.9999695354563710E+000  0.5099414599286312E-002  0.1136614550651420E-018  0.3865927193127424E+001  0.5783261055305113E-001  0.6594828025436317E-003  0.1404297655584920E+001 -0.4399879423055617E+000
                      121                        3                        0                      206 -0.9999999154415551E+000  0.3802842181518852E-001 -0.2343035880529000E-003  0.2130780884894179E+001 -0.1312832830958659E-001  0.9999695354563710E+000  0.7590782037645425E-002 -0.3317092056469239E-018  0.5248801540530881E+001  0.6468104356910563E-001  0.7230804328769548E-003  0.2068333291634902E+001 -0.6509353286243560E+000
                      122                        3                        0                      197 -0.9999999658237420E+000  0.3991379449538008E-001 -0.2801663300032115E-003  0.2236420716264972E+001 -0.1569807612482533E-001  0.9999695354563710E+000  0.1408503592303181E-001  0.9800320681116612E-019  0.8840715614248619E+001  0.1241172082035731E+000  0.7965554955097155E-003  0.3794762195005623E+001 -0.1197488284953325E+001
                      123                        3                        0                      203 -0.9999999300386121E+000  0.3862973544292777E-001 -0.2469517271784440E-003  0.2164473252935112E+001 -0.1383701964600768E-001  0.9999695354563710E+000  0.9283045785239828E-002  0.2062604453546632E-019  0.6220617054456805E+001  0.7953742864307330E-001  0.7461282301952959E-003  0.2520257981031582E+001 -0.7939101446749376E+000
                      124                        3                        0                      187 -0.1000000000000000E+001  0.4192317224098429E-001 -0.1191256880602783E-002  0.2349008709310615E+001 -0.6674763950296987E-001  0.9999695354563710E+000  0.7121711036760538E-001  0.9627406834104114E-018  0.4042629356786602E+002  0.2299301944953164E+001  0.8787761853736189E-003  0.1898417753858191E+002 -0.5903853072657057E+001
                      125                        3                        0                      172 -0.9999998944721448E+000  0.4572887526645657E-001 -0.2959667626440060E-003  0.2562247094528628E+001 -0.1658339447980940E-001  0.9999695354563710E+000  0.4848872811054816E-001  0.3703166334599374E-018  0.2318701635202741E+002  0.3001548154738928E+000  0.1045565016567573E-002  0.1263437888879346E+002 -0.4020215053042112E+001
                      127                        3                        0                      162 -0.9999998798361944E+000  0.4848144278124953E-001 -0.3139999762529361E-003  0.2716476956430470E+001 -0.1759381839479225E-001  0.9999695354563710E+000  0.7829216879682047E-001 -0.6117562144149992E-019  0.3330828649343543E+002  0.4314740636674804E+000  0.1175225147075784E-002  0.2009477074428469E+002 -0.6409880801171066E+001
                      128                        3                        0                      154 -0.9999999429353525E+000  0.5122765452667946E-001 -0.3657142043422801E-003  0.2870350696483939E+001 -0.2049143242740565E-001  0.9999695354563710E+000  0.1257024264636812E+000 -0.5305520060425401E-017  0.4789696635967299E+002  0.6839076372836200E+000  0.1312136294152412E-002  0.3179570682848043E+002 -0.1015346012688971E+002
                      129                        3                        0                      142 -0.9999999588931279E+000  0.5551425322910088E-001 -0.4383797724579556E-003  0.3110534278666771E+001 -0.2456297671297514E-001  0.9999695354563710E+000  0.2300526982812141E+000  0.8355336213661967E-017  0.7464088416326686E+002  0.1178907701127972E+001  0.1540916155792364E-002  0.5691801491429882E+002 -0.1818442911273652E+002
                      130                        3                        0                      133 -0.9999999611003820E+000  0.5926241891976345E-001 -0.4996727847578591E-003  0.3320548773769752E+001 -0.2799730221880132E-001  0.9999695354563710E+000  0.3551700339310344E+000  0.4659665813118766E-017  0.1011171076953695E+003  0.1705264706148971E+001  0.1756017148110773E-002  0.8624107895250174E+002 -0.2752783166574659E+002
                      131                        3                        0                      137 -0.9999999968274386E+000  0.5770837008554756E-001 -0.6527208356151428E-003  0.3233473439267788E+001 -0.3657277934014647E-001  0.9999695354563710E+000  0.3633151160150446E+000 -0.1392806906261521E-017  0.1090633583875397E+003  0.2467476726316429E+001  0.1665127988965266E-002  0.8892744336651363E+002 -0.2831256473152877E+002
                      132                        3                        0                      107 -0.9999998923528725E+000  0.7405368422905736E-001 -0.5305322177927630E-003  0.4149322198488997E+001 -0.2972639553613648E-001  0.9999695354563710E+000  0.9784361642109823E+000 -0.3959438439360814E-017  0.1784070362512619E+003  0.2556402999616247E+001  0.2741974073948480E-002  0.2213466759694236E+003 -0.6981510149418695E+002
                      133                        3                        0                      103 -0.9999997086302915E+000  0.7696179387527115E-001 -0.5135744064798955E-003  0.4312267284021151E+001 -0.2877622778080068E-001  0.9999695354563710E+000  0.1105701489434618E+001  0.9319305916090985E-017  0.1866677124906656E+003  0.2491418490607670E+001  0.2961558858249857E-002  0.2467708437721369E+003 -0.7751172950183262E+002
                      134                        3                        0                       93 -0.9999996084900241E+000  0.8533690833824585E-001 -0.5212707201870171E-003  0.4781535608992233E+001 -0.2920746203530067E-001  0.9999695354563710E+000  0.1568277945390540E+001 -0.1263483247444891E-015  0.2153477328827270E+003  0.2630951698452756E+001  0.3641193962365078E-002  0.3367298002089730E+003 -0.1040073401506129E+003
                      135                        3                        0                       84 -0.9999996660982102E+000  0.9436606702917082E-001 -0.5199084369589233E-003  0.5287450864660691E+001 -0.2913113157182940E-001  0.9999695354563710E+000  0.2101349534042720E+001 -0.7551682355715628E-017  0.2359754005844666E+003  0.2600284380304246E+001  0.4452477303276972E-002  0.4326528796774551E+003 -0.1304513462750115E+003
                      136                        3                        0                       75 -0.9999994672109133E+000  0.1059814270771254E+000 -0.4781789209372804E-003  0.5938274274625607E+001 -0.2679297366701493E-001  0.9999695354563710E+000  0.2731645872087365E+001 -0.4042386319074125E-017  0.2432081023432487E+003  0.2194711625313986E+001  0.5616031442652033E-002  0.5319714499111112E+003 -0.1543488117154382E+003
                      137                        3                        0                       67 -0.9999964736466651E+000  0.1186469056272671E+000 -0.3971465946066364E-003  0.6647937161080192E+001 -0.2225262926768773E-001  0.9999695354563710E+000  0.3274851438948118E+001  0.9884744613325131E-016  0.2326504326068251E+003  0.1557517774247018E+001  0.7038544107462825E-002  0.5979812413379855E+003 -0.1653673036268766E+003
                      138                        3                        0                       58 -0.9999996568715187E+000  0.1367162857078397E+000 -0.3517277444903660E-003  0.7660387529509474E+001 -0.1970775327698938E-001  0.9999695354563710E+000  0.4315836272151929E+001  0.1326272458281487E-015  0.2309167980495488E+003  0.1188159205838969E+001  0.9345671388873870E-002  0.7130667326953539E+003 -0.1838966133448824E+003
                      139                        3                        0                       49 -0.9882205650214858E+000  0.1629676187022071E+000 -0.1992577885782768E-003  0.9131283135412561E+001 -0.1116466755134454E-001  0.9999695354563710E+000  0.5047164448556944E+001  0.1245748796644269E-015  0.1900564264148186E+003  0.4647581010042392E+000  0.1327922237273394E-001  0.7105441305169509E+003 -0.1724543388953928E+003
                      140                        3                        0                       44 -0.7752332074882573E+000  0.1797882708869606E+000 -0.1341229355611660E-003  0.1007376569019508E+002 -0.7515078819428770E-002  0.9999695354563710E+000  0.5417183701748082E+001  0.8294038562811871E-016  0.1676060993160612E+003  0.2500699216043761E+000  0.1616191117426158E-001  0.6858665677599488E+003 -0.1659989840774563E+003
                      141                        3                        0                       35 -0.3410308880419993E+000  0.2252414506202463E+000 -0.4904223624952618E-004  0.1262056521303678E+002 -0.2747898928354116E-002  0.9999695354563710E+000  0.6439600173680906E+001 -0.8139517413981986E-016  0.1269409949604054E+003  0.5527790755947893E-001  0.2536685553875637E-001  0.6199232939262650E+003 -0.1636407703012884E+003
                      142                        3                        0                       22 -0.9275447917502588E-001  0.3559661267789530E+000 -0.4669272432599362E-005  0.1994523523212505E+002 -0.2616252784324688E-003  0.9999695354563710E+000  0.8930569846605335E+001  0.7714499425562827E-017  0.7048577500158667E+002  0.1848752306676136E-002  0.6335594170700481E-001  0.4603910337311897E+003 -0.1530629079554409E+003
                      143                        3                        0                       17 -0.6474355954068517E-001  0.4465729223777947E+000 -0.6841062961399044E-006  0.2502204933295153E+002 -0.3833134664737701E-004  0.9999695354563710E+000  0.6946753024458881E+001 -0.2050205067956288E-016  0.3483665676319291E+002  0.1056866573425094E-003  0.9971368750052169E-001  0.2535985541444786E+003 -0.8737398831854205E+002
                      144                        3                        0                        8 -0.2088690483942451E+000  0.8830830234252898E+000 -0.3482827926951001E-007  0.4948026597668679E+002 -0.1951472824244001E-005  0.9999695354563710E+000  0.4447460951359108E+001 -0.5843329243645028E-018  0.5702624827367217E+001 -0.8225552448016199E-005  0.3899178131309750E+000  0.3945903027421440E+002 -0.1182216739843048E+002
