                                                                                                                                                                                                                                                                



                        1                        2                        3                        4                        5                        6                        7                        8                        9                       10                       11                       12                       13                       14                       15                       16                       17
                        j                        l                      n_p                      n_g                      eta                Re(omega)                Im(omega)                 Re(freq)                 Im(freq)                    x_ref             Re(xi_r_ref)             Im(xi_r_ref)             Re(xi_h_ref)             Im(xi_h_ref)                        H            Re(lag_L_ref)            Im(lag_L_ref)
                        1                        1                        0                      187 -0.9999988388221239E+000  0.3571979001583216E-001 -0.1972408478878883E-003  0.1004132897670068E+001 -0.5544714121801431E-002  0.9999801052020916E+000  0.1290476743681098E+000  0.7613215416781380E-018  0.1011356525057556E+003  0.1116601072709739E+001  0.6379516993875696E-003  0.1717307440909596E+002 -0.5529117177864937E+001
                        2                        1                        0                      170 -0.9999969678270615E+000  0.3929591037768947E-001 -0.1928098184861365E-003  0.1104662606825052E+001 -0.5420151732412519E-002  0.9999801052020916E+000  0.1976823042565183E+000  0.8173215077700309E-017  0.1280189816984921E+003  0.1254987551075135E+001  0.7720842862057011E-003  0.2545558119018616E+002 -0.8106146495094649E+001
                        3                        1                        0                      158 -0.9999957136338566E+000  0.4238382507066716E-001 -0.1915688077967416E-003  0.1191468176707835E+001 -0.5385265198672276E-002  0.9999801052020916E+000  0.2674872157205488E+000  0.2256451784858568E-017  0.1488913011796942E+003  0.1344600495899564E+001  0.8981943138104567E-003  0.3349286777060915E+002 -0.1052517029141837E+002
                        4                        1                        0                      141 -0.9999938192175947E+000  0.4752499404351368E-001 -0.1867038189022176E-003  0.1335993575536543E+001 -0.5248503605347515E-002  0.9999801052020916E+000  0.3952169034212404E+000  0.2794533013252505E-017  0.1749763290231962E+003  0.1376154138836173E+001  0.1129312529418004E-002  0.4725349950515346E+002 -0.1441824645591864E+002
                        5                        1                        0                      130 -0.9999842927000197E+000  0.5167523188377399E-001 -0.1712643446882616E-003  0.1452662524226146E+001 -0.4814478546015131E-002  0.9999801052020916E+000  0.4897238888621944E+000 -0.1364918099609967E-016  0.1833897981833551E+003  0.1213755961435717E+001  0.1335164795120908E-002  0.5638130742275921E+002 -0.1669609943140307E+002
                        6                        1                        0                      113 -0.9999846170238531E+000  0.5944287697452458E-001 -0.1525739012008646E-003  0.1671021813840978E+001 -0.4289064226126348E-002  0.9999801052020916E+000  0.6806959694881787E+000 -0.1106589311272552E-016  0.1926405415445887E+003  0.9864908333199244E+000  0.1766727811504233E-002  0.7278649915438889E+002 -0.2008158972899834E+002
                        7                        1                        0                       93 -0.9987046354391996E+000  0.7224507256040191E-001 -0.1099437740626620E-003  0.2030909308825920E+001 -0.3090672156286249E-002  0.9999801052020916E+000  0.9495070921018642E+000 -0.2088080136677148E-016  0.1819132167634536E+003  0.5529472862542062E+000  0.2609675254628861E-002  0.8843303396149498E+002 -0.2128482020015910E+002
                        8                        1                        0                       76 -0.7227642507214376E+000  0.8865599259565228E-001 -0.5239829574205070E-004  0.2492243059139788E+001 -0.1472988853325228E-002  0.9999801052020916E+000  0.1146737116036998E+001  0.4136022627203019E-017  0.1458858372264766E+003  0.1716829936963521E+000  0.3929942511560166E-002  0.8671623496244352E+002 -0.1867408493948937E+002
                        9                        1                        0                       59 -0.2235399376946897E+000  0.1138011895656968E+000 -0.1639851225903140E-004  0.3199109462464786E+001 -0.4609849504949762E-003  0.9999801052020916E+000  0.1489709370560040E+001  0.5001718910538445E-017  0.1150266941345514E+003  0.3300433483612869E-001  0.6475355373283819E-002  0.8121543335008106E+002 -0.1962810132712850E+002
                       10                        1                        0                       36 -0.1754712239291356E-001  0.1842178196378129E+000 -0.4526423488150588E-006  0.5178618713978728E+001 -0.1272440496213432E-004  0.9999801052020916E+000  0.2227630855900855E+001 -0.1282432513150384E-017  0.6563766584575227E+002 -0.3081944231304040E-004  0.1696810253605487E-001  0.6155399525497674E+002 -0.2268547042239594E+002
                       11                        1                        0                       25 -0.2883786884048131E-001  0.2643460269988472E+000 -0.1369682569149788E-006  0.7431133888532703E+001 -0.3850367895329069E-005  0.9999801052020916E+000  0.2270527719446571E+001  0.6585624068783883E-017  0.3249120569549433E+002 -0.6358752168923669E-004  0.3493941099503775E-001  0.3563905034970809E+002 -0.1406281680050054E+002
                       12                        1                        0                       22 -0.6785354455716384E-001  0.2988088426830426E+000 -0.1523467734267341E-006  0.8399931492312074E+001 -0.4282679349007028E-005  0.9999801052020916E+000  0.2063795552091707E+001  0.1115085286095669E-017  0.2311303693997251E+002 -0.4224744877000716E-004  0.4464336223278961E-001  0.2600740252706069E+002 -0.1009233121908842E+002
                       13                        1                        0                       21 -0.8677211658519270E-001  0.3143156985464081E+000 -0.1512748668019615E-006  0.8835850743375190E+001 -0.4252546565340394E-005  0.9999801052020916E+000  0.2034119485646863E+001 -0.8353312723124336E-017  0.2059306495703678E+002  0.7491427615734797E-004  0.4939717917635814E-001  0.2327263072407835E+002 -0.8927067235523252E+001
                       14                        1                        0                       16 -0.2415908784274219E+000  0.3982788725182168E+000 -0.8917742867540742E-007  0.1119617215457383E+002 -0.2506901351405285E-005  0.9999801052020916E+000  0.1487958977435291E+001 -0.3465560421480319E-017  0.9379074542333667E+001 -0.1846714818830909E-004  0.7931303014719043E-001  0.1007137814181492E+002 -0.3547096749184215E+001
                       15                        1                        0                       15 -0.2705046466902733E+000  0.4262046249992022E+000 -0.8192529279148474E-007  0.1198120383437711E+002 -0.2303033741427939E-005  0.9999801052020916E+000  0.1570849388409731E+001 -0.5962306996979562E-018  0.8646679744658249E+001 -0.1204927484584709E-004  0.9082519118535527E-001  0.8859706711811551E+001 -0.3021064114934847E+001
                       19                        2                        0                      318 -0.9999993995698522E+000  0.3625399719020884E-001 -0.1658878896966977E-003  0.1019150203139256E+001 -0.4663338930483269E-002  0.9999801052020916E+000  0.5054282408068080E-002  0.2331591919558077E-018  0.3845442430018013E+001  0.3519223418887628E-001  0.6571761561338366E-003  0.8820083037284516E+000 -0.2649923634679486E+000
                       21                        2                        0                      299 -0.9999991858421914E+000  0.3855616796684851E-001 -0.1670860251765624E-003  0.1083867420453633E+001 -0.4697020182547309E-002  0.9999801052020916E+000  0.9672898161817723E-002  0.2675241383108881E-018  0.6506843252799557E+001  0.5639662671267059E-001  0.7432890441439194E-003  0.1663499903040770E+001 -0.5038433519576717E+000
                       22                        2                        0                      297 -0.9999993011298967E+000  0.3883756801084784E-001 -0.1719177523708433E-003  0.1091777966441174E+001 -0.4832846743291203E-002  0.9999801052020916E+000  0.1060785882208671E-001 -0.4371409729750879E-019  0.7032731699886452E+001  0.6226277086199136E-001  0.7541783444986142E-003  0.1821083983142002E+001 -0.5520321008460186E+000
                       23                        2                        0                      293 -0.9999994815257996E+000  0.3938514235349633E-001 -0.1828715477016597E-003  0.1107171041572066E+001 -0.5140773140426863E-002  0.9999801052020916E+000  0.1269268390174407E-001  0.6100412616120010E-019  0.8182508508067041E+001  0.7598759078110333E-001  0.7755947191025824E-003  0.2171580585390647E+001 -0.6593036052319586E+000
                       24                        2                        0                      289 -0.9999990039411341E+000  0.3996360384740089E-001 -0.1730850399930425E-003  0.1123432397414513E+001 -0.4865660819241083E-002  0.9999801052020916E+000  0.1400489519965338E-001  0.1071379122933310E-018  0.8769040027805300E+001  0.7595970498530775E-001  0.7985448162359965E-003  0.2387475561626065E+001 -0.7263399357824547E+000
                       25                        2                        0                      284 -0.9999989647560228E+000  0.4072372337171948E-001 -0.1776659959516002E-003  0.1144800412741348E+001 -0.4994437852329091E-002  0.9999801052020916E+000  0.1695196539083232E-001 -0.7512547809993604E-018  0.1022177284186638E+002  0.8919082836808474E-001  0.8292108226281667E-003  0.2876366869286246E+001 -0.8770471298345245E+000
                       26                        2                        0                      280 -0.9999994343408366E+000  0.4119460049091696E-001 -0.1932552042382509E-003  0.1158037422419645E+001 -0.5432672144364921E-002  0.9999801052020916E+000  0.1990358118194085E-001  0.8694852138260198E-019  0.1172864586937230E+002  0.1100471149083524E+000  0.8484975548031291E-003  0.3367496556580867E+001 -0.1027915331297117E+001
                       27                        2                        0                      274 -0.9999999999993011E+000  0.4218068970241000E-001 -0.5455463511500352E-003  0.1185757759433351E+001 -0.1533606547381197E-001  0.9999801052020916E+000  0.5126842535561067E-001 -0.9254070716754441E-020  0.2880252827798746E+002  0.7451627064404428E+000  0.8896052918854972E-003  0.8625098773467460E+001 -0.2620985428928062E+001
                       28                        2                        0                      271 -0.9999999824966841E+000  0.4271799671694909E-001 -0.2883123913820981E-003  0.1200862205713928E+001 -0.8104861670921788E-002  0.9999801052020916E+000  0.3561276097780520E-001 -0.1392853020176700E-017  0.1951418693920118E+002  0.2634221709098395E+000  0.9124136217546336E-003  0.5970325873544347E+001 -0.1826785612659054E+001
                       29                        2                        0                      195 -0.1000000000000000E+001  0.4187910003662865E-001 -0.1747609099138116E-002  0.1177279655142309E+001 -0.4912771849818644E-001  0.9999801052020916E+000  0.1404957739245536E+000  0.6837588937271889E-018  0.7969413126198125E+002  0.6662852444175992E+001  0.8769295099389748E-003  0.2370505524340402E+002 -0.7016855790972755E+001
                       30                        2                        0                      261 -0.9999994749899940E+000  0.4431869235070842E-001 -0.2153189451859537E-003  0.1245859982697000E+001 -0.6052914540007190E-002  0.9999801052020916E+000  0.3911879423411005E-001  0.1540352091968458E-018  0.1991621242752952E+002  0.1935273267808671E+000  0.9820732458383689E-003  0.6494861777455310E+001 -0.1998766678782243E+001
                       31                        2                        0                      254 -0.9999993443920602E+000  0.4553864773131813E-001 -0.2144990676632670E-003  0.1280154622469990E+001 -0.6029866644366564E-002  0.9999801052020916E+000  0.4790277436023154E-001  0.7486875286159311E-018  0.2309922596246557E+002  0.2176114709236701E+000  0.1036884218598542E-002  0.7895780474762456E+001 -0.2437253803900071E+001
                       32                        2                        0                      252 -0.9999995936393021E+000  0.4593203068928688E-001 -0.2280609012629875E-003  0.1291213163668135E+001 -0.6411108618750253E-002  0.9999801052020916E+000  0.5306712015013312E-001 -0.4751575258350559E-019  0.2515289789727301E+002  0.2497829168400829E+000  0.1054875721620797E-002  0.8726829330214690E+001 -0.2695542961316988E+001
                       33                        2                        0                      249 -0.9999997729743908E+000  0.4649891696381508E-001 -0.2455131809818722E-003  0.1307149124020620E+001 -0.6901716435798027E-002  0.9999801052020916E+000  0.6074698669584207E-001 -0.9239609969052774E-020  0.2809497558989874E+002  0.2966898778519454E+000  0.1081074639403888E-002  0.9956658536187412E+001 -0.3078341317115441E+001
                       34                        2                        0                      247 -0.9999997054817308E+000  0.4687699694571826E-001 -0.2378013531315214E-003  0.1317777477311925E+001 -0.6684926246318379E-002  0.9999801052020916E+000  0.6300590872038624E-001  0.1399078856871271E-017  0.2867174393739804E+002  0.2909041225148122E+000  0.1098726421324438E-002  0.1030390879190567E+002 -0.3188895915168981E+001
                       35                        2                        0                      243 -0.9999996615869907E+000  0.4770668332591464E-001 -0.2387024188060127E-003  0.1341101113557679E+001 -0.6710256453643701E-002  0.9999801052020916E+000  0.7126263412130254E-001  0.6644507197164707E-020  0.3131098480935540E+002  0.3133392443415903E+000  0.1137963816979551E-002  0.1159777648443109E+002 -0.3595708694728345E+001
                       36                        2                        0                      238 -0.9999995732477028E+000  0.4878076471713768E-001 -0.2459919415246078E-003  0.1371295032929105E+001 -0.6915175059458865E-002  0.9999801052020916E+000  0.8420420138641460E-001  0.6273741786573428E-017  0.3538582619323938E+002  0.3568967233717270E+000  0.1189781503194375E-002  0.1361873174477192E+002 -0.4230935623414901E+001
                       37                        2                        0                      233 -0.9999996809714308E+000  0.4968059442314733E-001 -0.2693330382069771E-003  0.1396590495464147E+001 -0.7571325698532509E-002  0.9999801052020916E+000  0.1001415856654233E+000  0.8474825074977258E-017  0.4057219706343555E+002  0.4399202224699505E+000  0.1234080731118628E-002  0.1611272598297253E+002 -0.5012093248072031E+001
                       38                        2                        0                      228 -0.9999998689513685E+000  0.5086937846186801E-001 -0.3073670079312748E-003  0.1430008865532265E+001 -0.8640513401266125E-002  0.9999801052020916E+000  0.1256514123618233E+000  0.7888060423069312E-018  0.4855487776627851E+002  0.5867855389420105E+000  0.1293846832548379E-002  0.2008042070816361E+002 -0.6254971018556357E+001
                       39                        2                        0                      226 -0.9999999999999942E+000  0.5125063624569696E-001 -0.9400540194218417E-003  0.1440726551248383E+001 -0.2642622384034352E-001  0.9999801052020916E+000  0.2740067334776471E+000 -0.4985984452266705E-017  0.1042198195326107E+003  0.3824546217784599E+001  0.1313313857794371E-002  0.4372793955657227E+002 -0.1346123636722401E+002
                       42                        2                        0                      217 -0.9999998933597449E+000  0.5340001594411624E-001 -0.3221066544167520E-003  0.1501148599189044E+001 -0.9054865331373625E-002  0.9999801052020916E+000  0.1709569858590720E+000 -0.1383563593805314E-016  0.5994909003124378E+002  0.7232465840864807E+000  0.1425780851415933E-002  0.2692996050729445E+002 -0.8419678543712671E+001
                       44                        2                        0                      204 -0.9999997252580608E+000  0.5697129568036768E-001 -0.3334816819819342E-003  0.1601542231636578E+001 -0.9374633151538319E-002  0.9999801052020916E+000  0.2447832109192587E+000 -0.1361159495196362E-016  0.7541378048926792E+002  0.8828993770613213E+000  0.1622864265749945E-002  0.3779215264804892E+002 -0.1186484021201182E+002
                       45                        2                        0                      202 -0.9999999998433053E+000  0.5737406374065483E-001 -0.6799272394463854E-003  0.1612864601093001E+001 -0.1911369884446403E-001  0.9999801052020916E+000  0.3887114606198391E+000  0.6344806442495452E-017  0.1180426820513692E+003  0.2798187035212803E+001  0.1645891595058362E-002  0.5990806809040064E+002 -0.1869034137988206E+002
                       46                        2                        0                      193 -0.9999993395772445E+000  0.6014833604933147E-001 -0.2869938926038506E-003  0.1690853248030807E+001 -0.8067796839404319E-002  0.9999801052020916E+000  0.2906200421014031E+000 -0.2510123424490332E-016  0.8032941111661825E+002  0.7665899892719733E+000  0.1808911164751652E-002  0.4407761424898461E+002 -0.1388779924616057E+002
                       47                        2                        0                      237 -0.9999996531761829E+000  0.4899689343468563E-001 -0.2565600762545121E-003  0.1377370711294653E+001 -0.7212260001576467E-002  0.9999801052020916E+000  0.8895318450227846E-001  0.4191469108021152E-018  0.3705225194129181E+002  0.3880403305712274E+000  0.1200347783124968E-002  0.1436897785572449E+002 -0.4464973367531032E+001
                       48                        2                        0                      185 -0.9999986939959510E+000  0.6282735278404768E-001 -0.2765406740028548E-003  0.1766164128513163E+001 -0.7773942349242306E-002  0.9999801052020916E+000  0.3449852499886895E+000  0.6940018840020341E-017  0.8739844045424300E+002  0.7693995082972357E+000  0.1973638128925588E-002  0.5154999997668142E+002 -0.1626863843882726E+002
                       49                        2                        0                      182 -0.9999983932891826E+000  0.6389965620841741E-001 -0.2848436991066449E-003  0.1796308066767466E+001 -0.8007351914449736E-002  0.9999801052020916E+000  0.3765735866931348E+000  0.1136754658469881E-016  0.9222588740275978E+002  0.8222409502951457E+000  0.2041583031776980E-002  0.5593769745473394E+002 -0.1765696691632376E+002
                       50                        2                        0                      176 -0.9999988769401773E+000  0.6603037370173431E-001 -0.3312135231250261E-003  0.1856205494208453E+001 -0.9310872056516380E-002  0.9999801052020916E+000  0.4671363618556524E+000 -0.3223183036194120E-016  0.1071394227595053E+003  0.1074865376206744E+001  0.2180005125595344E-002  0.6858225290750022E+002 -0.2163723346785703E+002
                       51                        2                        0                      174 -0.9999990995070063E+000  0.6677366267541818E-001 -0.3403803081567039E-003  0.1877100379386126E+001 -0.9568563112709528E-002  0.9999801052020916E+000  0.4952470313573606E+000  0.2665986070258285E-017  0.1110717333819279E+003  0.1132409758647776E+001  0.2229361013545268E-002  0.7241206411897961E+002 -0.2284211477171501E+002
                       52                        2                        0                      170 -0.9999989919504025E+000  0.6836229432867140E-001 -0.3207695522927169E-003  0.1921759021125188E+001 -0.9017277533973552E-002  0.9999801052020916E+000  0.5239792655775264E+000  0.5778876793116568E-017  0.1121187058847941E+003  0.1052188753379567E+001  0.2336701642939940E-002  0.7593972780622643E+002 -0.2396118922518093E+002
                       53                        2                        0                      167 -0.9999990376731367E+000  0.6960690781055075E-001 -0.3154330758694635E-003  0.1956746834364985E+001 -0.8867261771510940E-002  0.9999801052020916E+000  0.5547607554120844E+000  0.5934770536784309E-017  0.1144986090810519E+003  0.1037751585839165E+001  0.2422560807473262E-002  0.7984742251314029E+002 -0.2519038594003432E+002
                       54                        2                        0                      165 -0.9999988441520419E+000  0.7044803958004708E-001 -0.3030511561761062E-003  0.1980392216396972E+001 -0.8519188815457778E-002  0.9999801052020916E+000  0.5668217102166117E+000  0.4813929612273037E-016  0.1142116639574274E+003  0.9826406114632718E+000  0.2481463140335948E-002  0.8120162736051921E+002 -0.2561736526479986E+002
                       55                        2                        0                      155 -0.9999960185526626E+000  0.7511550073684573E-001 -0.2794535386627354E-003  0.2111601030728227E+001 -0.7855827019621115E-002  0.9999801052020916E+000  0.6754769832323244E+000  0.7352968886568067E-017  0.1197179605245503E+003  0.8907885406821454E+000  0.2821169225473545E-002  0.9427651724354396E+002 -0.2968259355601013E+002
                       56                        2                        0                      150 -0.9999936080843363E+000  0.7759785413929846E-001 -0.2788206325813920E-003  0.2181383431854918E+001 -0.7838035150824277E-002  0.9999801052020916E+000  0.7484536921653828E+000 -0.4423327011465588E-017  0.1243009966177623E+003  0.8932744138749812E+000  0.3010713483511926E-002  0.1030121679186023E+003 -0.3236878150362204E+002
                       57                        2                        0                      145 -0.9999963423158524E+000  0.8023150660320916E-001 -0.2860177495665251E-003  0.2255419059692328E+001 -0.8040356103157674E-002  0.9999801052020916E+000  0.8399054241183822E+000 -0.7942291025531918E-016  0.1304817734339254E+003  0.9303208650040938E+000  0.3218547325910396E-002  0.1138845515443911E+003 -0.3568835144115253E+002
                       58                        2                        0                      140 -0.9999969443147569E+000  0.8316495565255877E-001 -0.2685218869809121E-003  0.2337882385842492E+001 -0.7548523111207214E-002  0.9999801052020916E+000  0.9026841681260043E+000  0.5484557512295091E-017  0.1305171068097243E+003  0.8428305423180171E+000  0.3458204924346039E-002  0.1203471570090174E+003 -0.3760245424190388E+002
                       59                        2                        0                      137 -0.9999969699061978E+000  0.8503037941948055E-001 -0.2650291144164091E-003  0.2390322038248947E+001 -0.7450336424372200E-002  0.9999801052020916E+000  0.9546432347182375E+000 -0.1614810038712669E-016  0.1320401851634314E+003  0.8231119257334614E+000  0.3615082712110403E-002  0.1259018751795230E+003 -0.3925036247900923E+002
                       60                        2                        0                      134 -0.9999960493263165E+000  0.8698729966426433E-001 -0.2570570001125694E-003  0.2445333783699661E+001 -0.7226229221252490E-002  0.9999801052020916E+000  0.1000605258430820E+001  0.2002607214333217E-016  0.1322408467575024E+003  0.7815774265771548E+000  0.3783395151440255E-002  0.1304554379778428E+003 -0.4057346172491391E+002
                       61                        2                        0                      127 -0.9999865577025470E+000  0.9183744305215409E-001 -0.2349831601843949E-003  0.2581678049218536E+001 -0.6605702929245766E-002  0.9999801052020916E+000  0.1103799152367102E+001  0.2125627696282661E-016  0.1308783699740919E+003  0.6697559904421502E+000  0.4217057973178806E-002  0.1397929597132125E+003 -0.4321173432088553E+002
                       62                        2                        0                      126 -0.9999831766272315E+000  0.9253222478462787E-001 -0.2280854373015028E-003  0.2601209328488876E+001 -0.6411798360863544E-002  0.9999801052020916E+000  0.1108478402116232E+001 -0.3239648467537972E-016  0.1294670425386775E+003  0.6382561639967471E+000  0.4281106311796430E-002  0.1397928006022205E+003 -0.4317695746140962E+002
                       63                        2                        0                      119 -0.9999912097716485E+000  0.9786298747715377E-001 -0.2313986805395594E-003  0.2751064470046679E+001 -0.6504938229038605E-002  0.9999801052020916E+000  0.1286379976726658E+001 -0.2508229193783605E-016  0.1343231796386144E+003  0.6352209127980989E+000  0.4788582158976768E-002  0.1569771230456543E+003 -0.4813905520310811E+002
                       64                        2                        0                      114 -0.9999933257871814E+000  0.1022451000600438E+000 -0.2067578191637820E-003  0.2874251739731735E+001 -0.5812249399586388E-002  0.9999801052020916E+000  0.1352191342577401E+001 -0.9569909402205021E-016  0.1293521728545589E+003  0.5231468404026685E+000  0.5227030243144210E-002  0.1604733743934007E+003 -0.4899072332496124E+002
                       65                        2                        0                      113 -0.9999933548306490E+000  0.1031327140211399E+000 -0.2030074563861449E-003  0.2899203800714533E+001 -0.5706821494171669E-002  0.9999801052020916E+000  0.1368001424704040E+001 -0.1171817358303976E-016  0.1286217829557549E+003  0.5063615090266016E+000  0.5318178350683125E-002  0.1614233769546676E+003 -0.4924096295213874E+002
                       66                        2                        0                      107 -0.9999918205510492E+000  0.1090719232547812E+000 -0.1861830507273388E-003  0.3066163219428968E+001 -0.5233864088815543E-002  0.9999801052020916E+000  0.1497548693305278E+001  0.9864956369263592E-017  0.1258859127466466E+003  0.4297682103330193E+000  0.5948342221248439E-002  0.1699668264937236E+003 -0.5163376226992110E+002
                       67                        2                        0                      102 -0.9998157703622473E+000  0.1144481444107878E+000 -0.1691468890752391E-003  0.3217296261518613E+001 -0.4754953928444600E-002  0.9999801052020916E+000  0.1599950339450855E+001  0.4430425590718136E-017  0.1221552295793818E+003  0.3610746920198659E+000  0.6549188879536252E-002  0.1751608442093930E+003 -0.5315612901217581E+002
                       68                        2                        0                       95 -0.9970757333951717E+000  0.1226616979692706E+000 -0.1364615062960685E-003  0.3448190657347708E+001 -0.3836122431760080E-002  0.9999801052020916E+000  0.1694991794523051E+001  0.6504836086221383E-017  0.1126610904868658E+003  0.2506699617480378E+000  0.7522946074352313E-002  0.1754487774888939E+003 -0.5346027694489647E+002
                       69                        2                        0                       92 -0.9936044381129685E+000  0.1266150173414548E+000 -0.1286986040721838E-003  0.3559323954459674E+001 -0.3617896470718769E-002  0.9999801052020916E+000  0.1777485177534311E+001 -0.1056602153183304E-015  0.1108817599096316E+003  0.2254112534607850E+000  0.8015681308188423E-002  0.1790552018087992E+003 -0.5478308457800362E+002
                       70                        2                        0                       87 -0.9174563508437488E+000  0.1339119400383486E+000 -0.1016720041151303E-003  0.3764450583940386E+001 -0.2858141216922000E-002  0.9999801052020916E+000  0.1812166165366960E+001 -0.3933471365600580E-016  0.1010612271953988E+003  0.1534588292713543E+000  0.8966203842417119E-002  0.1736219008653301E+003 -0.5372584522449421E+002
                       71                        2                        0                       82 -0.7970624615028958E+000  0.1422287828915596E+000 -0.8905672498437856E-004  0.3998248585271295E+001 -0.2503508203041911E-002  0.9999801052020916E+000  0.1975070661172354E+001  0.7207028431163703E-016  0.9764118673574301E+002  0.1222750593260376E+000  0.1011451334140723E-001  0.1788267179286624E+003 -0.5626569276923465E+002
                       72                        2                        0                       81 -0.7703136781493298E+000  0.1440715878895904E+000 -0.8263310291421679E-004  0.4050052392675914E+001 -0.2322931266839598E-002  0.9999801052020916E+000  0.1965906112762290E+001 -0.1166770911087865E-016  0.9471779158872791E+002  0.1086504214273707E+000  0.1037831121851404E-001  0.1758031482774135E+003 -0.5554671373461467E+002
                       73                        2                        0                       74 -0.5919287570814870E+000  0.1577883697920931E+000 -0.5617182457748907E-004  0.4435650179011263E+001 -0.1579067988793013E-002  0.9999801052020916E+000  0.2056349856405559E+001 -0.1558573527012830E-016  0.8259861688232057E+002  0.5880865510783177E-001  0.1244858482082319E-001  0.1680114632792538E+003 -0.5485699023030054E+002
                       74                        2                        0                       71 -0.5252375953005773E+000  0.1642744497476343E+000 -0.4764510529812965E-004  0.4617982893100304E+001 -0.1339370069689696E-002  0.9999801052020916E+000  0.2110337630407063E+001  0.1768938330428763E-016  0.7820557280355514E+002  0.4536368146394445E-001  0.1349304741994404E-001  0.1654338451770957E+003 -0.5486214289888770E+002
                       75                        2                        0                       64 -0.3940396874543891E+000  0.1815463404040550E+000 -0.3447526350409162E-004  0.5103519723114848E+001 -0.9691475292816378E-003  0.9999801052020916E+000  0.2362373440726015E+001  0.2032947030229019E-016  0.7168023319439172E+002  0.2722283333091334E-001  0.1647953685705260E-001  0.1665638106378997E+003 -0.5734972484634836E+002
                       76                        2                        0                       59 -0.3175860362526688E+000  0.1970668926143676E+000 -0.2926211851936944E-004  0.5539823997509324E+001 -0.8225987848135691E-003  0.9999801052020916E+000  0.2742722732219477E+001 -0.4689284745053039E-017  0.7062857369450303E+002  0.2097387504680168E-001  0.1941768008234128E-001  0.1766372448905704E+003 -0.6247241642904865E+002
                       77                        2                        0                       56 -0.2798275522325291E+000  0.2076602257589259E+000 -0.2483096639944717E-004  0.5837617302053250E+001 -0.6980329456464779E-003  0.9999801052020916E+000  0.2931023510834064E+001  0.4882360008472054E-017  0.6797332467447447E+002  0.1625417244442662E-001  0.2156138468112402E-001  0.1778409109907139E+003 -0.6380716466736379E+002
                       78                        2                        0                       49 -0.2101917598000624E+000  0.2374386178251500E+000 -0.1594405549656671E-004  0.6674729253163815E+001 -0.4482095398456647E-003  0.9999801052020916E+000  0.3448448054699536E+001 -0.7752753420257363E-016  0.6117116584243110E+002  0.8212458003079470E-002  0.2818854861735884E-001  0.1783601086602285E+003 -0.6559552015378311E+002
                       79                        2                        0                       46 -0.1879967389979802E+000  0.2522607788286088E+000 -0.1160651042112969E-004  0.7091400780951030E+001 -0.3262751246813364E-003  0.9999801052020916E+000  0.3501920915154665E+001  0.2043170675854655E-016  0.5503419421181335E+002  0.5061282747580838E-002  0.3181775026760815E-001  0.1678980879052585E+003 -0.6206746469732349E+002
                       80                        2                        0                       39 -0.1451148627920157E+000  0.2951145347120387E+000 -0.5840796820105229E-005  0.8296079365349247E+001 -0.1641929091149431E-003  0.9999801052020916E+000  0.3943105875220194E+001  0.7267380516427860E-017  0.4527754914645910E+002  0.1789618553307702E-002  0.4354629429915154E-001  0.1534534707476970E+003 -0.5648337116903326E+002
                       81                        2                        0                       36 -0.1302634970223276E+000  0.3186615016512255E+000 -0.3908209280544846E-005  0.8958017303212459E+001 -0.1098651897963326E-003  0.9999801052020916E+000  0.4054158689476409E+001  0.2948360764273464E-017  0.3992704099402547E+002  0.9766398657125581E-003  0.5077257631730688E-001  0.1414624949839693E+003 -0.5149290763518299E+002
                       82                        2                        0                       33 -0.1188284633535359E+000  0.3462647296325223E+000 -0.2331126643425178E-005  0.9733982371473550E+001 -0.6553120693769257E-004  0.9999801052020916E+000  0.3991462847168212E+001  0.4247468770577972E-016  0.3329207025491939E+002  0.4444198259618742E-003  0.5994963149374172E-001  0.1230359941835778E+003 -0.4396735188695897E+002
                       83                        2                        0                       28 -0.1054627427226750E+000  0.4101319911945343E+000 -0.9643635709429476E-006  0.1152937977974751E+002 -0.2710959908972568E-004  0.9999801052020916E+000  0.4093781231688866E+001  0.5463167037355913E-017  0.2433887550624463E+002  0.1069124535563952E-003  0.8410412510059709E-001  0.9591823736041309E+002 -0.3238110192797954E+002
                       84                        2                        0                       23 -0.1301524927006740E+000  0.4961665134302336E+000 -0.3219337726100620E-006  0.1394792966690815E+002 -0.9050005383724740E-005  0.9999801052020916E+000  0.3303061801096085E+001 -0.1703640220381213E-017  0.1341766487087833E+002  0.7246895226452048E-005  0.1230906045247572E+000  0.5439848179320927E+002 -0.1675196638252356E+002
                       85                        2                        0                       18 -0.2032380319769337E+000  0.6247056146464073E+000 -0.1559077921658833E-006  0.1756134229085960E+002 -0.4382784530577647E-005  0.9999801052020916E+000  0.3062174763535018E+001  0.2396288903426234E-017  0.7846049122934902E+001 -0.1123667718193597E-004  0.1951285524853726E+000  0.2988765900196726E+002 -0.7979795688726830E+001
                       86                        2                        0                        9 -0.5398487943437006E+000  0.1152519794186115E+001 -0.2484222427900459E-007  0.3239893179789882E+002 -0.6983494202734732E-006  0.9999801052020916E+000  0.2042378169540217E+001  0.5943623599076281E-019  0.1534904076977899E+001  0.2941868085060761E-005  0.6641509379954060E+000 -0.3533087082221063E+001  0.3633940324821874E+000
                       87                        2                        0                        8 -0.5603042070541029E+000  0.1316737805949832E+001 -0.1811421660096057E-007  0.3701532814090170E+002 -0.5092157819652299E-006  0.9999801052020916E+000  0.2102122746446540E+001 -0.2195178689894394E-018  0.1209494637299012E+001  0.7185457985380408E-005  0.8668992248087887E+000 -0.7601678540520807E+001  0.7782289688474536E+000
                       89                        3                        0                      449 -0.9999999213162606E+000  0.3614123477045653E-001 -0.1557268400301449E-003  0.1015980294938676E+001 -0.4377697714772794E-002  0.9999801052020916E+000  0.7077854819019749E-004  0.2411170963374024E-020  0.5418719086629347E-001  0.4669615928396073E-003  0.6530944253666273E-003  0.1417309852942536E-001 -0.3837762523342277E-002
                       90                        3                        0                      440 -0.9999999292883001E+000  0.3688071204688686E-001 -0.1593928805634831E-003  0.1036768028013647E+001 -0.4480755204810815E-002  0.9999801052020916E+000  0.1052489820897414E-003  0.1426209492497805E-020  0.7737869935722035E-001  0.6687457883422552E-003  0.6800934605426923E-003  0.2100020783419040E-001 -0.5702207013477548E-002
                       91                        3                        0                      420 -0.1000000000000000E+001  0.3874703709244268E-001 -0.7431713294025759E-003  0.1089233016614016E+001 -0.2089157803356532E-001  0.9999801052020916E+000  0.1244366666906279E-002 -0.3509551692776812E-020  0.8279765714875559E+000  0.3177305669904232E-001  0.7506664417215646E-003  0.2461172274750881E+000 -0.6660676968439361E-001
                       92                        3                        0                      423 -0.9999999261911260E+000  0.3844960490144981E-001 -0.1639024608979826E-003  0.1080871784712326E+001 -0.4607525769994705E-002  0.9999801052020916E+000  0.2234597170101859E-003 -0.5270167959671806E-020  0.1511533495186283E+000  0.1288751541400571E-002  0.7391860585387998E-003  0.4425263278626596E-001 -0.1208604545243800E-001
                       94                        3                        0                      410 -0.9999999780953220E+000  0.3968075808666543E-001 -0.1865105587684868E-003  0.1115481210322005E+001 -0.5243070794628271E-002  0.9999801052020916E+000  0.4220424689254758E-003 -0.6552806957446867E-020  0.2680361579600613E+000  0.2519688202379725E-002  0.7872812811662331E-003  0.8309476866499374E-001 -0.2278820551128697E-001
                       95                        3                        0                      399 -0.9999999975852608E+000  0.4084890914072816E-001 -0.2297396301189533E-003  0.1148319558540526E+001 -0.6458300017966100E-002  0.9999801052020916E+000  0.7951044051248137E-003  0.6985892479188876E-019  0.4764836739656942E+000  0.5359797619014362E-002  0.8343166889937310E-003  0.1556972152208130E+000 -0.4284667257861328E-001
                       96                        3                        0                      388 -0.9999999999973535E+000  0.4199074977001185E-001 -0.3646203692253876E-003  0.1180418284183982E+001 -0.1024998488898000E-001  0.9999801052020916E+000  0.1788411709795799E-002  0.1022853401581114E-018  0.1014116665135183E+001  0.1761310119381958E-001  0.8816115331238770E-003  0.3483813447905864E+000 -0.9603891074001115E-001
                       97                        3                        0                      398 -0.9999999948130786E+000  0.4093378846866565E-001 -0.2169400205305665E-003  0.1150705634311867E+001 -0.6098485218961520E-002  0.9999801052020916E+000  0.7786810577608741E-003 -0.2067410145092965E-019  0.4647133201344000E+000  0.4925874779192210E-002  0.8377875191987336E-003  0.1524206296869648E+000 -0.4196686267824378E-001
                       98                        3                        0                      373 -0.9999999855927434E+000  0.4374712068175959E-001 -0.2141229045762852E-003  0.1229792309401235E+001 -0.6019292177653292E-002  0.9999801052020916E+000  0.1954532009132926E-002  0.2220370655136902E-019  0.1021265140201219E+001  0.9997540359022405E-002  0.9569052839722176E-003  0.3776947091034775E+000 -0.1050142316252917E+000
                       99                        3                        0                      365 -0.9999999895627437E+000  0.4473133855398882E-001 -0.2265098911060536E-003  0.1257460040469703E+001 -0.6367507569513754E-002  0.9999801052020916E+000  0.2733078834114283E-002  0.1712925609879823E-018  0.1365906193522025E+001  0.1383360832717372E-001  0.1000446324415783E-002  0.5258136827818557E+000 -0.1466473957157856E+000
                      100                        3                        0                      360 -0.9999999622899068E+000  0.4536756446833556E-001 -0.2010593997075885E-003  0.1275345234382171E+001 -0.5652058915875512E-002  0.9999801052020916E+000  0.2970186836995372E-002  0.8962652919710811E-019  0.1443089217122220E+001  0.1279123149667167E-001  0.1029107952894290E-002  0.5698064774509320E+000 -0.1593144050560762E+000
                      101                        3                        0                      351 -0.9999999846568031E+000  0.4647200627968573E-001 -0.2257151376543301E-003  0.1306392627321700E+001 -0.6345165946395067E-002  0.9999801052020916E+000  0.4366714306730963E-002  0.2793886946394365E-019  0.2021934699910883E+001  0.1964155071502219E-001  0.1079823683829576E-002  0.8336393951574732E+000 -0.2338173603421240E+000
                      102                        3                        0                      385 -0.9999999494559715E+000  0.4237843491291757E-001 -0.1821551436484676E-003  0.1191316651888748E+001 -0.5120634027696482E-002  0.9999801052020916E+000  0.1103669414228579E-002 -0.4012069827511113E-019  0.6145411461393923E+000  0.5283077208312050E-002  0.8979658728341958E-003  0.2146009581694363E+000 -0.5942189952683210E-001
                      103                        3                        0                      336 -0.9999999858646592E+000  0.4870022435767350E-001 -0.2446168936409968E-003  0.1369030931586619E+001 -0.6876520554065819E-002  0.9999801052020916E+000  0.7946354108298885E-002  0.3128109345048185E-018  0.3350418359223010E+001  0.3365849773471463E-001  0.1185855926243867E-002  0.1502335968958747E+001 -0.4241782263720396E+000
                      104                        3                        0                      190 -0.1000000000000000E+001  0.4633852604359909E-001 -0.2287385769981718E-002  0.1302640312535305E+001 -0.6430159024683484E-001  0.9999801052020916E+000  0.4474905879366117E-001  0.3149475925350962E-017  0.2068959542765638E+002  0.2047569712086307E+001  0.1073629497946656E-002  0.8552976680884175E+001 -0.2318906649941571E+001
                      105                        3                        0                      319 -0.9999999247638907E+000  0.5126820889861555E-001 -0.2155048873665950E-003  0.1441220542923224E+001 -0.6058141632903416E-002  0.9999801052020916E+000  0.1248875314451736E-001 -0.1906290095102665E-018  0.4751444839640464E+001  0.3994584380572806E-001  0.1314214621836044E-002  0.2335225267842205E+001 -0.6646718892814024E+000
                      106                        3                        0                      179 -0.1000000000000000E+001  0.5054736668815989E-001 -0.2655886386183712E-002  0.1420956667429361E+001 -0.7466065426641914E-001  0.9999801052020916E+000  0.1119304977726302E+000  0.1386430147692596E-017  0.4344922542802416E+002  0.4578504071439263E+001  0.1277518139553646E-002  0.2101048943551163E+002 -0.5744707024917519E+001
                      107                        3                        0                      308 -0.9999999229094005E+000  0.5319567952597063E-001 -0.2249253697313851E-003  0.1495404418734424E+001 -0.6322964473413220E-002  0.9999801052020916E+000  0.1850731326508836E-001  0.5512683571025754E-018  0.6540233937575159E+001  0.5530873330073743E-001  0.1414890160114883E-002  0.3432564374271173E+001 -0.9821874725532830E+000
                      109                        3                        0                      269 -0.9999999999566238E+000  0.6100240336578319E-001 -0.5456189573514785E-003  0.1714862266249947E+001 -0.1533810653495515E-001  0.9999801052020916E+000  0.1051620228710009E+000  0.3317841782469788E-018  0.2825444190380104E+002  0.5054682585964120E+000  0.1860646608200858E-002  0.1889219502102340E+002 -0.5488305431942127E+001
                      110                        3                        0                      281 -0.1000000000000000E+001  0.5831153851551985E-001 -0.1213536892204268E-002  0.1639218318787326E+001 -0.3411420715123182E-001  0.9999801052020916E+000  0.1394072455689018E+000 -0.4894087409187666E-018  0.4094850187405931E+002  0.1705118625152533E+001  0.1700117762023481E-002  0.2532604133172682E+002 -0.7238861190991806E+001
                      111                        3                        0                      282 -0.9999999451873207E+000  0.5817802861179081E-001 -0.2671195517813204E-003  0.1635465170002306E+001 -0.7509101521470917E-002  0.9999801052020916E+000  0.4564222786849703E-001 -0.1115810691984681E-017  0.1348488624959483E+002  0.1238319967582410E+000  0.1692341506577175E-002  0.8292778637787642E+001 -0.2402476543519012E+001
                      112                        3                        0                      273 -0.9999999924422172E+000  0.5998729887648327E-001 -0.3416399214609350E-003  0.1686326269486617E+001 -0.9603972591784311E-002  0.9999801052020916E+000  0.6808965003322587E-001  0.1471375860349495E-017  0.1892108996327734E+002  0.2155258689600211E+000  0.1799238013248267E-002  0.1228114503804426E+002 -0.3569693909402858E+001
                      113                        3                        0                      297 -0.9999999117364743E+000  0.5506975986704921E-001 -0.2264556144410969E-003  0.1548087419460903E+001 -0.6365981777093512E-002  0.9999801052020916E+000  0.2561703515277718E-001 -0.4187857467972954E-019  0.8447075748450848E+001  0.6947248527236242E-001  0.1516339225907238E-002  0.4714195577051114E+001 -0.1355731903798397E+001
                      114                        3                        0                      258 -0.9999999630188517E+000  0.6351889934615451E-001 -0.3230865503566745E-003  0.1785604462652147E+001 -0.9082411566923536E-002  0.9999801052020916E+000  0.9944106874036462E-001  0.1194668596442987E-017  0.2464631915747611E+002  0.2507315946708489E+000  0.2017325287073453E-002  0.1768344096855060E+002 -0.5182698135158847E+001
                      115                        3                        0                      248 -0.9999999444690880E+000  0.6614985277398330E-001 -0.3058190894757045E-003  0.1859564216837426E+001 -0.8596999264048078E-002  0.9999801052020916E+000  0.1260872819709188E+000  0.2643634770313140E-017  0.2881453347499530E+002  0.2664319942669436E+000  0.2187901511009831E-002  0.2218912231208508E+002 -0.6540819540521030E+001
                      116                        3                        0                      279 -0.9999999620846779E+000  0.5886701187200295E-001 -0.2811941554552124E-003  0.1654833446165641E+001 -0.7904758174669574E-002  0.9999801052020916E+000  0.5185584019059736E-001 -0.3371182328950384E-018  0.1496407529416715E+002  0.1429631312681474E+000  0.1732662543369270E-002  0.9395398924867870E+001 -0.2725953590288071E+001
                      117                        3                        0                      238 -0.9999999503353040E+000  0.6908576738197168E-001 -0.3438292809517350E-003  0.1942096853264588E+001 -0.9665518527204540E-002  0.9999801052020916E+000  0.1771535977243444E+000 -0.6856174329965752E-017  0.3711645196181465E+002  0.3694547591702959E+000  0.2386421627377956E-002  0.3081928239621151E+002 -0.9132112148559408E+001
                      118                        3                        0                      234 -0.9999999999986785E+000  0.7021073258465640E-001 -0.8733455160315516E-003  0.1973721187233212E+001 -0.2455095517894220E-001  0.9999801052020916E+000  0.3472790885122981E+000 -0.1549721532643239E-016  0.7041999003593594E+002  0.1752167679252522E+001  0.2464773485037062E-002  0.6017070194152692E+002 -0.1773648031078192E+002
                      119                        3                        0                      222 -0.9999999980036032E+000  0.7399342508432698E-001 -0.5428718415935431E-003  0.2080057926027183E+001 -0.1526088129636814E-001  0.9999801052020916E+000  0.3408144613986251E+000  0.2498185590512145E-017  0.6224257378473264E+002  0.9133662117339241E+000  0.2737513477854954E-002  0.5817919568608480E+002 -0.1734051547181537E+002
                      120                        3                        0                      216 -0.9999999908169823E+000  0.7602413613567321E-001 -0.4772050193440393E-003  0.2137144033515921E+001 -0.1341489573830765E-001  0.9999801052020916E+000  0.3623825802271362E+000 -0.1477290303305906E-018  0.6269586686848467E+002  0.7871170788293907E+000  0.2889834637587680E-002  0.6137584885374451E+002 -0.1836832660067912E+002
                      121                        3                        0                      210 -0.9999999260256436E+000  0.7827085603105785E-001 -0.3923429358367750E-003  0.2200302449559398E+001 -0.1102930473184598E-001  0.9999801052020916E+000  0.3733355804414020E+000 -0.2405073217327867E-016  0.6093858971172425E+002  0.6109403707176759E+000  0.3063163451917303E-002  0.6268340838138131E+002 -0.1884329933862726E+002
                      122                        3                        0                      200 -0.9999999999443325E+000  0.8217230649404896E-001 -0.8986767703583964E-003  0.2309977639609034E+001 -0.2526305191292519E-001  0.9999801052020916E+000  0.7515113834543008E+000 -0.2570148717400695E-016  0.1112640076477137E+003  0.2433966319379902E+001  0.3376143977275969E-002  0.1243560029782018E+003 -0.3732058210390937E+002
                      124                        3                        0                      199 -0.9999999635737501E+000  0.8289009784141943E-001 -0.4657304291519734E-003  0.2330155751105158E+001 -0.1309232907444908E-001  0.9999801052020916E+000  0.5341299468500621E+000  0.2359518052522664E-016  0.7773675605502719E+002  0.8735783261527311E+000  0.3435384160080051E-002  0.8811281358818265E+002 -0.2662163308216961E+002
                      125                        3                        0                      175 -0.9999998587570970E+000  0.9402861393628514E-001 -0.4744903825469750E-003  0.2643274905420591E+001 -0.1333858352841084E-001  0.9999801052020916E+000  0.8846501769601585E+000 -0.2990514328461473E-017  0.1000562550183655E+003  0.1009839526924078E+001  0.4420690119389484E-002  0.1398436618920509E+003 -0.4270167010027603E+002
                      126                        3                        0                      170 -0.9999998483307549E+000  0.9681963334757655E-001 -0.4487945442569392E-003  0.2721734336667843E+001 -0.1261623783296306E-001  0.9999801052020916E+000  0.9505216248632965E+000  0.1018138007361177E-016  0.1013988572189276E+003  0.9400612649137676E+000  0.4687020700779590E-002  0.1486454994985949E+003 -0.4549303952851978E+002
                      128                        3                        0                      155 -0.9999992648470893E+000  0.1063320461283005E+000 -0.3795647037410063E-003  0.2989141468823671E+001 -0.1067009088384357E-001  0.9999801052020916E+000  0.1173969084962109E+001  0.6972875936419502E-016  0.1038335343030517E+003  0.7413004989201765E+000  0.5653252016915518E-002  0.1768911303961117E+003 -0.5445034150839806E+002
                      129                        3                        0                      147 -0.9999990882599471E+000  0.1120346339870587E+000 -0.3795188636363445E-003  0.3149449132118864E+001 -0.1066880225484819E-001  0.9999801052020916E+000  0.1366033324524682E+001  0.1088981833014745E-016  0.1088347699292078E+003  0.7373661016137784E+000  0.6275879606307115E-002  0.2012177072486579E+003 -0.6205659984672073E+002
                      130                        3                        0                      140 -0.9999994245838345E+000  0.1177068689196930E+000 -0.3605366794518196E-003  0.3308903532512790E+001 -0.1013518669885344E-001  0.9999801052020916E+000  0.1522153156305954E+001  0.2278042478998135E-016  0.1098672953360408E+003  0.6730533487780525E+000  0.6927453495438890E-002  0.2191254366638865E+003 -0.6769924525310979E+002
                      131                        3                        0                      131 -0.9999988668046722E+000  0.1259833496951832E+000 -0.3389050510555292E-003  0.3541566899792385E+001 -0.9527091587060738E-002  0.9999801052020916E+000  0.1755252651205506E+001  0.1628392782211028E-015  0.1105935566974433E+003  0.5950137915882153E+000  0.7935902200209431E-002  0.2441766029488622E+003 -0.7562013493822730E+002
                      132                        3                        0                      124 -0.9999960775036969E+000  0.1329789631060897E+000 -0.2924475269978257E-003  0.3738223306847402E+001 -0.8221106075108902E-002  0.9999801052020916E+000  0.1856914158132941E+001 -0.7072512957764282E-016  0.1050136030872386E+003  0.4618932793052175E+000  0.8841702314385360E-002  0.2507715749656164E+003 -0.7788795220709660E+002
                      133                        3                        0                      116 -0.9999986323916382E+000  0.1420447186362827E+000 -0.2852138952472148E-003  0.3993074283464740E+001 -0.8017758642013697E-002  0.9999801052020916E+000  0.2138592095896972E+001 -0.8122710252471785E-016  0.1059981876796859E+003  0.4256716385370690E+000  0.1008835104623033E-001  0.2777211228494789E+003 -0.8662205516487353E+002
                      134                        3                        0                      111 -0.9999987913041746E+000  0.1486282263326152E+000 -0.2664693229805899E-003  0.4178145826635108E+001 -0.7490822686977863E-002  0.9999801052020916E+000  0.2290910880220633E+001  0.1465675903581180E-015  0.1037115997473428E+003  0.3718805396896122E+000  0.1104517483138948E-001  0.2890337257456524E+003 -0.9054326676133516E+002
                      135                        3                        0                      102 -0.9999895568925856E+000  0.1618631924720514E+000 -0.2164791038476402E-003  0.4550199102823655E+001 -0.6085528210977819E-002  0.9999801052020916E+000  0.2499135426058538E+001 -0.9199399999862696E-016  0.9539314620390373E+002  0.2551609191460488E+000  0.1309984653862213E-001  0.2973504866211088E+003 -0.9423584609167466E+002
                      136                        3                        0                       97 -0.9988911587663750E+000  0.1699816554726239E+000 -0.1771065112318467E-003  0.4778420371027609E+001 -0.4978709959959086E-002  0.9999801052020916E+000  0.2521444194503233E+001  0.1630213198927514E-015  0.8727095968306195E+002  0.1818571421852558E+000  0.1444688159860695E-001  0.2893850926377175E+003 -0.9250242957159841E+002
                      137                        3                        0                       88 -0.8997027452635434E+000  0.1872660434572893E+000 -0.1452763221019444E-003  0.5264308518292840E+001 -0.4083919144273197E-002  0.9999801052020916E+000  0.2845150521841947E+001 -0.2381843688398486E-015  0.8113575977363155E+002  0.1258853871337433E+000  0.1753428551607370E-001  0.3026137440653804E+003 -0.9856960641695397E+002
                      138                        3                        0                       85 -0.8460822621557170E+000  0.1939533880868737E+000 -0.1348487300514599E-003  0.5452299061844374E+001 -0.3790785052030956E-002  0.9999801052020916E+000  0.2972696761273679E+001  0.2896964515530364E-016  0.7902802915206638E+002  0.1098897361951480E+000  0.1880895837518862E-001  0.3071157513575123E+003 -0.1007548377676052E+003
                      139                        3                        0                       76 -0.6732783078861468E+000  0.2171154722608745E+000 -0.8987873161645510E-004  0.6103417410731891E+001 -0.2526615950903956E-002  0.9999801052020916E+000  0.3168004068135044E+001  0.1994113184602948E-015  0.6720937695592293E+002  0.5564418125605459E-001  0.2356956414753130E-001  0.2964687872061758E+003 -0.9942503123207612E+002
                      140                        3                        0                       73 -0.6183829136931421E+000  0.2258658615514714E+000 -0.7515835646196785E-004  0.6349403004438172E+001 -0.2112805764670659E-002  0.9999801052020916E+000  0.3187508561017379E+001  0.7858915787708168E-016  0.6248502329660940E+002  0.4158390543277526E-001  0.2550769370719422E-001  0.2875700517111338E+003 -0.9708525616024967E+002
                      141                        3                        0                       64 -0.4730970076421218E+000  0.2565986354140122E+000 -0.5162520398490432E-004  0.7213343953093077E+001 -0.1451256170520425E-002  0.9999801052020916E+000  0.3627347240284805E+001 -0.3868604754739271E-016  0.5509425325878224E+002  0.2216820464046550E-001  0.3292142984816659E-001  0.2886564777427274E+003 -0.9893815490729239E+002
                      142                        3                        0                       55 -0.3545465350942359E+000  0.2990859679989275E+000 -0.3440773275594082E-004  0.8407721869756452E+001 -0.9672491461782534E-003  0.9999801052020916E+000  0.4399484961232632E+001  0.7116793859445906E-016  0.4918533374925124E+002  0.1131568604011264E-001  0.4472620812692783E-001  0.2964103945659166E+003 -0.1018415313249373E+003
                      143                        3                        0                       50 -0.3037244146514018E+000  0.3283879124007351E+000 -0.2276665668591669E-004  0.9231440215427382E+001 -0.6400023331088042E-003  0.9999801052020916E+000  0.4583647464333684E+001  0.8640099004860851E-016  0.4250722061868728E+002  0.5892322569866042E-002  0.5391931050545633E-001  0.2764594059417843E+003 -0.9421916221202699E+002
                      144                        3                        0                       41 -0.2302952261152014E+000  0.3977508943275290E+000 -0.9093068406218064E-005  0.1118132995448568E+002 -0.2556187794889301E-003  0.9999801052020916E+000  0.4900715736138205E+001 -0.4307712934029551E-017  0.3097868005834212E+002  0.1414768779450921E-002  0.7910288696917481E-001  0.2300633208602283E+003 -0.7527294729815320E+002
                      145                        3                        0                       36 -0.1958991602190722E+000  0.4497581983701383E+000 -0.6458286181001449E-005  0.1264332748821045E+002 -0.1815513924924304E-003  0.9999801052020916E+000  0.5901531287943940E+001  0.8064795338170726E-016  0.2917642767430631E+002  0.8358533326506764E-003  0.1011412185005762E+000  0.2316262444413273E+003 -0.7257813970240515E+002
                      146                        3                        0                       27 -0.1602405603855056E+000  0.6008888973286924E+000 -0.9752092793641548E-006  0.1689182129528191E+002 -0.2741448701374327E-004  0.9999801052020916E+000  0.5054149086171583E+001  0.1830209956339614E-017  0.1399853501494977E+002  0.4129575862561523E-004  0.1805337334664459E+000  0.1213786508259048E+003 -0.3270218874861028E+002
                      147                        3                        0                       20 -0.2168022935249735E+000  0.7970015293117344E+000 -0.2204687813019194E-006  0.2240481970136304E+002 -0.6197683584264130E-005  0.9999801052020916E+000  0.3944681912911534E+001 -0.3352439526504726E-017  0.6210100191037187E+001 -0.2042233640299462E-005  0.3176057188626220E+000  0.5103095500032084E+002 -0.1124871409798510E+002
                      148                        3                        0                       17 -0.3238258152990768E+000  0.9147677005720853E+000 -0.1164786415722727E-006  0.2571539030501867E+002 -0.3274376356266342E-005  0.9999801052020916E+000  0.3091251781261111E+001 -0.3112942512133258E-017  0.3693948124569029E+001 -0.3599210991596623E-005  0.4183999730049692E+000  0.2684095946835650E+002 -0.5321971680516666E+001
