                                                                                                                                                                                                                                                                



                        1                        2                        3                        4                        5                        6                        7                        8                        9                       10                       11                       12                       13                       14                       15                       16                       17
                        j                        l                      n_p                      n_g                      eta                Re(omega)                Im(omega)                 Re(freq)                 Im(freq)                    x_ref             Re(xi_r_ref)             Im(xi_r_ref)             Re(xi_h_ref)             Im(xi_h_ref)                        H            Re(lag_L_ref)            Im(lag_L_ref)
                        2                        1                        0                       90 -0.9999996926125104E+000  0.2422749723526694E-001 -0.3320728523966890E-003  0.1010665034176861E+001 -0.1385262445632097E-001  0.9999640991364236E+000  0.2640039096836892E-001  0.7774517775381820E-018  0.4496118197779204E+002  0.1233163433348574E+001  0.2934858111424355E-003  0.2846889753058568E+001 -0.5886488064376518E+000
                        3                        1                        0                       87 -0.9999998372112910E+000  0.2529582641166290E-001 -0.3857002325063527E-003  0.1055231046633264E+001 -0.1608972379122268E-001  0.9999640991364236E+000  0.3926428514889893E-001  0.1204546833455872E-017  0.6132464715453821E+002  0.1878543168392842E+001  0.3199394169244906E-003  0.4207323871261741E+001 -0.8630071842836373E+000
                        4                        1                        0                       89 -0.9999998034126566E+000  0.2455406305028702E-001 -0.3588515402211151E-003  0.1024287929162391E+001 -0.1496971398407825E-001  0.9999640991364236E+000  0.3064118748777930E-001  0.4672123828846251E-019  0.5078996618678832E+002  0.1486433317563601E+001  0.3014510061387354E-003  0.3297242718876046E+001 -0.6799267089565195E+000
                        5                        1                        0                       88 -0.9999998614596675E+000  0.2491446959223958E-001 -0.3830990979402012E-003  0.1039322511005613E+001 -0.1598121585374694E-001  0.9999640991364236E+000  0.3541608765660694E-001  0.8947574496005342E-018  0.5702702098271353E+002  0.1749444807736187E+001  0.3103653975313144E-003  0.3803790915987690E+001 -0.7827226851081345E+000
                        6                        1                        0                       85 -0.9999997106600854E+000  0.2566046607361379E-001 -0.3669990510696460E-003  0.1070442215695802E+001 -0.1530959243913387E-001  0.9999640991364236E+000  0.4147145583029444E-001  0.2116383403684456E-017  0.6294633512639204E+002  0.1788356054397661E+001  0.3292297595575421E-003  0.4433598496281465E+001 -0.9096647235749595E+000
                        7                        1                        0                       84 -0.9999996766354126E+000  0.2600301430017162E-001 -0.3692187122995624E-003  0.1084731826865269E+001 -0.1540218698041108E-001  0.9999640991364236E+000  0.4523858785477532E-001  0.2696985179931718E-017  0.6687824745845263E+002  0.1912240871302140E+001  0.3380783763474650E-003  0.4827931885550266E+001 -0.9867713014659929E+000
                        8                        1                        0                       83 -0.9999997919841828E+000  0.2636726245067800E-001 -0.4001060100073599E-003  0.1099926663785713E+001 -0.1669066971101857E-001  0.9999640991364236E+000  0.5216080649128971E-001 -0.1081631063572220E-018  0.7497496495245196E+002  0.2268134907936234E+001  0.3476162645714682E-003  0.5553969753102074E+001 -0.1133534599391495E+001
                        9                        1                        0                       82 -0.9999998187555301E+000  0.2675071578814344E-001 -0.4172337738493013E-003  0.1115922656960386E+001 -0.1740516497483355E-001  0.9999640991364236E+000  0.5855160034723423E-001 -0.1374681731491678E-017  0.8178014862412580E+002  0.2555971405293006E+001  0.3578003975890134E-003  0.6222609299249171E+001 -0.1265740406584977E+001
                       10                        1                        0                       81 -0.9999998093282527E+000  0.2715832917099741E-001 -0.4297303317185512E-003  0.1132926501373724E+001 -0.1792646661665704E-001  0.9999640991364236E+000  0.6530202479438788E-001  0.1144711181795173E-017  0.8847012661943859E+002  0.2799756729220443E+001  0.3687874216801250E-003  0.6922636674032944E+001 -0.1404934469613823E+001
                       11                        1                        0                       80 -0.9999998251450765E+000  0.2754743998750769E-001 -0.4544738569703303E-003  0.1149158499786441E+001 -0.1895865807875504E-001  0.9999640991364236E+000  0.7363077588855091E-001  0.3756829938328650E-018  0.9696636731239059E+002  0.3198711037273661E+001  0.3794307249326683E-003  0.7790304096874446E+001 -0.1576615583628010E+001
                       12                        1                        0                       79 -0.9999998256516486E+000  0.2788802014805640E-001 -0.4731535979161557E-003  0.1163366011864901E+001 -0.1973789502750376E-001  0.9999640991364236E+000  0.8110635225460251E-001 -0.2594111464589015E-017  0.1041990560388219E+003  0.3535491812475553E+001  0.3888708338892007E-003  0.8564198139779148E+001 -0.1729036259818266E+001
                       13                        1                        0                       78 -0.9999997221385243E+000  0.2821954202308259E-001 -0.4622165383688860E-003  0.1177195651959380E+001 -0.1928164882287948E-001  0.9999640991364236E+000  0.8513175046965570E-001 -0.9401459560948208E-018  0.1068327202623387E+003  0.3504653382720178E+001  0.3981712759962608E-003  0.8973554670366115E+001 -0.1808554189349676E+001
                       14                        1                        0                       77 -0.9999995163679467E+000  0.2862718374376429E-001 -0.4491996407012095E-003  0.1194200678502731E+001 -0.1873864088448506E-001  0.9999640991364236E+000  0.9021907087632353E-001 -0.1204811084358929E-017  0.1100165138725581E+003  0.3449766136534200E+001  0.4097578245496225E-003  0.9487613900030718E+001 -0.1909320563309332E+001
                       15                        1                        0                       76 -0.9999992131839803E+000  0.2906193775360228E-001 -0.4429633521666186E-003  0.1212336710959763E+001 -0.1847849025052793E-001  0.9999640991364236E+000  0.9682534167164182E-001  0.8591106338859788E-018  0.1145737219580030E+003  0.3498653489705963E+001  0.4222981129971269E-003  0.1015859813808534E+002 -0.2039021172957810E+001
                       16                        1                        0                       75 -0.9999977054234263E+000  0.2948268370729358E-001 -0.3957878149893752E-003  0.1229888388689322E+001 -0.1651053353462966E-001  0.9999640991364236E+000  0.9693240828087091E-001 -0.2859703698442864E-017  0.1114699030644706E+003  0.2980538864071486E+001  0.4346143192921573E-003  0.1014561144864434E+002 -0.2036108636196434E+001
                       17                        1                        0                       74 -0.9999968006924741E+000  0.2980519418803713E-001 -0.3805020021585257E-003  0.1243342112896897E+001 -0.1587287639666398E-001  0.9999640991364236E+000  0.1000078721181565E+000  0.1729781435265631E-019  0.1125173327779276E+003  0.2884879774760685E+001  0.4441748002933016E-003  0.1044785067676763E+002 -0.2091577722349691E+001
                       18                        1                        0                       73 -0.9999991444354523E+000  0.3021072138760687E-001 -0.4621979004969813E-003  0.1260258930884031E+001 -0.1928087133252369E-001  0.9999640991364236E+000  0.1214884526540247E+000  0.1315213624283870E-017  0.1330433019429088E+003  0.4065304547439217E+001  0.4563438433798046E-003  0.1266943271380042E+002 -0.2526583918012426E+001
                       19                        1                        0                       72 -0.9999996326885870E+000  0.3068118597991666E-001 -0.5109979290655874E-003  0.1279884652379260E+001 -0.2131659471171484E-001  0.9999640991364236E+000  0.1400154185449799E+000  0.4302053424246770E-017  0.1486262690209146E+003  0.4961227939578449E+001  0.4706675865671174E-003  0.1456534107260384E+002 -0.2891293388869624E+001
                       20                        1                        0                       71 -0.9999997830057272E+000  0.3115176393785812E-001 -0.5424146876672635E-003  0.1299515102991941E+001 -0.2262716423103231E-001  0.9999640991364236E+000  0.1566025695851658E+000 -0.6565671671008684E-017  0.1612515449868229E+003  0.5608526260034903E+001  0.4852161982200172E-003  0.1625302220450967E+002 -0.3216729960657974E+001
                       21                        1                        0                       70 -0.9999998054159218E+000  0.3160181379801669E-001 -0.5462460474654569E-003  0.1318289211307031E+001 -0.2278699177507382E-001  0.9999640991364236E+000  0.1682937825451605E+000 -0.8846430167475380E-017  0.1683766959316025E+003  0.5829468861988003E+001  0.4993373176622599E-003  0.1742478227737211E+002 -0.3437733102399185E+001
                       22                        1                        0                       69 -0.9999998068163013E+000  0.3207858970684284E-001 -0.5423394442314007E-003  0.1338178213274889E+001 -0.2262402540456009E-001  0.9999640991364236E+000  0.1794783284020622E+000  0.5263860993422725E-017  0.1742908102198801E+003  0.5889091686493849E+001  0.5145179587899823E-003  0.1853850842626877E+002 -0.3649230853869009E+001
                       23                        1                        0                       68 -0.9999998450003161E+000  0.3262664613305333E-001 -0.5560213691477761E-003  0.1361040726119203E+001 -0.2319477536601649E-001  0.9999640991364236E+000  0.1968735157555479E+000  0.2720277958657958E-017  0.1847995201807148E+003  0.6307112569812809E+001  0.5322490189457413E-003  0.2027825774953150E+002 -0.3975992727648057E+001
                       24                        1                        0                       67 -0.9999998839197958E+000  0.3322695388111446E-001 -0.5813270857482468E-003  0.1386082935176921E+001 -0.2425041898799390E-001  0.9999640991364236E+000  0.2194458888182789E+000 -0.3209579430359852E-018  0.1986086784070728E+003  0.6945171882559739E+001  0.5520152321088529E-003  0.2253654038897990E+002 -0.4401631840568888E+001
                       25                        1                        0                       65 -0.9999998915396419E+000  0.3386506066891500E-001 -0.5981431423828686E-003  0.1412701954559664E+001 -0.2495191119283504E-001  0.9999640991364236E+000  0.2424461148199950E+000  0.2178825582545126E-016  0.2112280218980492E+003  0.7468224223987581E+001  0.5734211670546464E-003  0.2482042583327246E+002 -0.4825669218721460E+001
                       26                        1                        0                       64 -0.9999998684699871E+000  0.3449558282516318E-001 -0.5999251137390262E-003  0.1439004576345386E+001 -0.2502624723027565E-001  0.9999640991364236E+000  0.2624454618132733E+000  0.3213859240337101E-017  0.2203761722835445E+003  0.7664680205967389E+001  0.5949726172238459E-003  0.2678421278484754E+002 -0.5188271537069922E+001
                       27                        1                        0                       63 -0.9999998286992551E+000  0.3508730428109217E-001 -0.5945235306375383E-003  0.1463688602915374E+001 -0.2480091684980500E-001  0.9999640991364236E+000  0.2798902532108992E+000  0.2399884287958139E-016  0.2271725864161429E+003  0.7702885885878493E+001  0.6155594608569764E-003  0.2848149491300127E+002 -0.5497162905329010E+001
                       28                        1                        0                       62 -0.9999997797647596E+000  0.3567671913593904E-001 -0.5860602191076986E-003  0.1488276408194370E+001 -0.2444786457397587E-001  0.9999640991364236E+000  0.2967359212794153E+000  0.1021751053677733E-016  0.2329727684913034E+003  0.7655689832146192E+001  0.6364141441523391E-003  0.3010980720028205E+002 -0.5791808717330267E+001
                       29                        1                        0                       61 -0.9999997603653461E+000  0.3631140149709382E-001 -0.5908935506267524E-003  0.1514752575501252E+001 -0.2464948998816772E-001  0.9999640991364236E+000  0.3197619564589143E+000  0.9951179383060572E-017  0.2423416350813612E+003  0.7889419929372973E+001  0.6592589393415737E-003  0.3234592628082276E+002 -0.6196080243371552E+001
                       30                        1                        0                       60 -0.9999997255486207E+000  0.3699391142742436E-001 -0.5922214189045998E-003  0.1543223899442194E+001 -0.2470488283479075E-001  0.9999640991364236E+000  0.3440895685350496E+000 -0.1884969497088451E-017  0.2512722540259050E+003  0.8045605591533839E+001  0.6842747413500607E-003  0.3469653294266408E+002 -0.6617207503461286E+001
                       31                        1                        0                       59 -0.9999996557435864E+000  0.3769579685101256E-001 -0.5878960841407500E-003  0.1572503484069962E+001 -0.2452444881948647E-001  0.9999640991364236E+000  0.3679250777965262E+000 -0.2869162117902106E-018  0.2587471997045104E+003  0.8077582240851818E+001  0.7104865501164054E-003  0.3697296810866505E+002 -0.7018863781144770E+001
                       32                        1                        0                       58 -0.9999995563898280E+000  0.3840539941484582E-001 -0.5818660118299682E-003  0.1602104993976837E+001 -0.2427290062286986E-001  0.9999640991364236E+000  0.3918559126151502E+000  0.4655290662214041E-017  0.2655375393128816E+003  0.8039986300541431E+001  0.7374873521069200E-003  0.3925186921974083E+002 -0.7419429419277772E+001
                       33                        1                        0                       57 -0.9999995714893775E+000  0.3911558782810361E-001 -0.6030679024728292E-003  0.1631730942954859E+001 -0.2515735060641952E-001  0.9999640991364236E+000  0.4276499640983344E+000 -0.9103495827185671E-017  0.2793120564089894E+003  0.8622939047281520E+001  0.7650146055690443E-003  0.4269175934931295E+002 -0.8023567360034061E+001
                       34                        1                        0                       56 -0.9999996936153119E+000  0.3984779496062076E-001 -0.6554804093518216E-003  0.1662275416427454E+001 -0.2734377075298932E-001  0.9999640991364236E+000  0.4791084305329869E+000  0.4005490915844764E-017  0.3015436234560208E+003  0.9914524661273184E+001  0.7939233816118384E-003  0.4767971802756759E+002 -0.8905975857739675E+001
                       35                        1                        0                       55 -0.9999997744687052E+000  0.4062777531536983E-001 -0.7090654194399636E-003  0.1694812779417728E+001 -0.2957910259623337E-001  0.9999640991364236E+000  0.5359808588960887E+000 -0.1044952384203082E-016  0.3244339811588450E+003  0.1133660250007651E+002  0.8253080635380861E-003  0.5314969361781385E+002 -0.9855902433421617E+001
                       36                        1                        0                       54 -0.9999998167605499E+000  0.4144529236960338E-001 -0.7625528325263541E-003  0.1728916009047011E+001 -0.3181036312017635E-001  0.9999640991364236E+000  0.5973608518380925E+000  0.1417583085609783E-016  0.3474676499783035E+003  0.1278205150458730E+002  0.8588561298009520E-003  0.5903007738749879E+002 -0.1086929556081709E+002
                       37                        1                        0                       53 -0.9999998001475225E+000  0.4226696192590413E-001 -0.7905631275398068E-003  0.1763192462868744E+001 -0.3297882990368988E-001  0.9999640991364236E+000  0.6502542320983883E+000  0.5871550980387016E-017  0.3636218682695504E+003  0.1361431240697145E+002  0.8932480352229145E-003  0.6401813444104758E+002 -0.1170459740259012E+002
                       38                        1                        0                       52 -0.9999996857768464E+000  0.4311229276820977E-001 -0.7786408423584219E-003  0.1798455961872923E+001 -0.3248148440228287E-001  0.9999640991364236E+000  0.6867137463739630E+000  0.2017715928681281E-016  0.3691643152833528E+003  0.1333289083757051E+002  0.9293348938659163E-003  0.6735793549397340E+002 -0.1224284513167108E+002
                       39                        1                        0                       51 -0.9999994708950523E+000  0.4399821807672420E-001 -0.7628924268219846E-003  0.1835412884146533E+001 -0.3182452950628990E-001  0.9999640991364236E+000  0.7236491236465972E+000  0.1521497455933804E-016  0.3734958635123245E+003  0.1296309843220467E+002  0.9679215969634876E-003  0.7069275144361444E+002 -0.1276339806677469E+002
                       40                        1                        0                       50 -0.9999993157249499E+000  0.4492109318613802E-001 -0.7881282990803602E-003  0.1873911190221623E+001 -0.3287725952833145E-001  0.9999640991364236E+000  0.7852556808812353E+000  0.1800085806733736E-016  0.3888490812031318E+003  0.1364256009242772E+002  0.1008952306518847E-002  0.7641314022114064E+002 -0.1368815367499376E+002
                       41                        1                        0                       49 -0.9999992979607868E+000  0.4586592097146960E-001 -0.8530921682438293E-003  0.1913325265752437E+001 -0.3558726751680766E-001  0.9999640991364236E+000  0.8733474320660762E+000  0.9852307524733403E-016  0.4147480788224427E+003  0.1543758871643723E+002  0.1051841353280547E-002  0.8463999990350791E+002 -0.1501606810575069E+002
                       42                        1                        0                       48 -0.9999990989906413E+000  0.4677696530999287E-001 -0.8836745986627546E-003  0.1951330043901371E+001 -0.3686303251987047E-001  0.9999640991364236E+000  0.9431030404391969E+000  0.5668011619500490E-016  0.4306170073151736E+003  0.1627739041945194E+002  0.1094042241806140E-002  0.9105277319504457E+002 -0.1601685204352324E+002
                       43                        1                        0                       47 -0.9999973984070950E+000  0.4763662685756653E-001 -0.7719920570332154E-003  0.1987191357140708E+001 -0.3220412620953679E-001  0.9999640991364236E+000  0.9231071029383811E+000 -0.8712265521682227E-018  0.4065055324572912E+003  0.1316936929771927E+002  0.1134624109183515E-002  0.8876452886968913E+002 -0.1554693992721276E+002
                       44                        1                        0                       46 -0.9999961965315961E+000  0.4844762053245364E-001 -0.7260711150883006E-003  0.2021022459965224E+001 -0.3028850570984138E-001  0.9999640991364236E+000  0.9369674709757674E+000  0.1458945997770394E-016  0.3989561246816763E+003  0.1196892070720103E+002  0.1173585967628313E-002  0.8977507553482802E+002 -0.1562579664676170E+002
                       45                        1                        0                       45 -0.9999980627892140E+000  0.4945717673287357E-001 -0.8045233523359989E-003  0.2063136721372120E+001 -0.3356118931678775E-001  0.9999640991364236E+000  0.1048873737095197E+001  0.1110066811840389E-017  0.4285313236052165E+003  0.1394357760718536E+002  0.1223006165193345E-002  0.1000876077950029E+003 -0.1722581801482003E+002
                       46                        1                        0                       44 -0.9999987853670768E+000  0.5062325331977002E-001 -0.8367297199164143E-003  0.2111780327523606E+001 -0.3490469786310146E-001  0.9999640991364236E+000  0.1141588484937006E+001 -0.7582644011828673E-016  0.4451223846613854E+003  0.1471895701715240E+002  0.1281356888338806E-002  0.1083948356616278E+003 -0.1843276538207395E+002
                       47                        1                        0                       43 -0.9999990146688044E+000  0.5187152978088574E-001 -0.8372851636631081E-003  0.2163852952276576E+001 -0.3492786854258949E-001  0.9999640991364236E+000  0.1218521868358230E+001  0.1614134661318685E-016  0.4525930864767054E+003  0.1461429409126958E+002  0.1345327800904658E-002  0.1151015561218945E+003 -0.1933293643920964E+002
                       48                        1                        0                       41 -0.9999991972831767E+000  0.5453039096217062E-001 -0.8458313740899560E-003  0.2274768991212003E+001 -0.3528437899718816E-001  0.9999640991364236E+000  0.1393925900892689E+001 -0.2021150945034629E-020  0.4685194508269090E+003  0.1453700951551120E+002  0.1486781769243587E-002  0.1302073687704692E+003 -0.2126046661976180E+002
                       49                        1                        0                       40 -0.9999993028489986E+000  0.5595494333876553E-001 -0.8700380656366349E-003  0.2334195074822581E+001 -0.3629417610919527E-001  0.9999640991364236E+000  0.1509199626961214E+001 -0.4711467005712566E-017  0.4816923435723662E+003  0.1498423698549698E+002  0.1565477842022231E-002  0.1401224290071711E+003 -0.2249860161824603E+002
                       50                        1                        0                       42 -0.9999991125738678E+000  0.5317755233599131E-001 -0.8367730758973742E-003  0.2218334491061777E+001 -0.3490650648466699E-001  0.9999640991364236E+000  0.1300005565272890E+001 -0.7754016814722224E-017  0.4593918788541986E+003  0.1446248597974594E+002  0.1413926036223551E-002  0.1221082031307708E+003 -0.2023507365294464E+002
                       51                        1                        0                       39 -0.9999993823980519E+000  0.5746361624420334E-001 -0.9003195784160639E-003  0.2397130298330377E+001 -0.3755738814678036E-001  0.9999640991364236E+000  0.1639551945949303E+001  0.2769383084607220E-018  0.4962462115603301E+003  0.1555264142239587E+002  0.1651033595930535E-002  0.1512971991897886E+003 -0.2384242541626318E+002
                       52                        1                        0                       38 -0.9999993977963662E+000  0.5907215633108167E-001 -0.9272739189574289E-003  0.2464231543089298E+001 -0.3868180513628263E-001  0.9999640991364236E+000  0.1779021762116869E+001  0.1217315113719822E-017  0.5094611342568616E+003  0.1600064083055672E+002  0.1744759826801874E-002  0.1630514687465106E+003 -0.2516246295312066E+002
                       53                        1                        0                       37 -0.9999993630626232E+000  0.6075089342371438E-001 -0.9567901717625358E-003  0.2534261099366777E+001 -0.3991309388065291E-001  0.9999640991364236E+000  0.1930816562867915E+001 -0.1411800301388535E-016  0.5228649360157727E+003  0.1647089194800122E+002  0.1845335525889752E-002  0.1757561047814139E+003 -0.2650637580545374E+002
                       54                        1                        0                       36 -0.9999992391024766E+000  0.6246335108344472E-001 -0.9681856996898694E-003  0.2605697329960107E+001 -0.4038846537735778E-001  0.9999640991364236E+000  0.2071481884810020E+001  0.8491297383357490E-017  0.5305589185115632E+003  0.1645185933617234E+002  0.1950835114286834E-002  0.1871825840813186E+003 -0.2754984504870139E+002
                       56                        1                        0                       35 -0.9999990314451633E+000  0.6419969798912181E-001 -0.9552693306427603E-003  0.2678130115225873E+001 -0.3984965105255682E-001  0.9999640991364236E+000  0.2189001708719401E+001  0.1071617587463786E-016  0.5308469274356639E+003  0.1580511831632075E+002  0.2060800610947232E-002  0.1963704438547613E+003 -0.2817687992662872E+002
                       57                        1                        0                       34 -0.9999988472266351E+000  0.6601962422188469E-001 -0.9329813958197449E-003  0.2754049463822773E+001 -0.3891989606421057E-001  0.9999640991364236E+000  0.2302595283391633E+001 -0.5046658451749196E-016  0.5279941828836807E+003  0.1491843638419744E+002  0.2179295391199431E-002  0.2049190483681649E+003 -0.2859675050669569E+002
                       58                        1                        0                       33 -0.9999988377640812E+000  0.6799727207378742E-001 -0.9288800802066202E-003  0.2836548267327891E+001 -0.3874880714635590E-001  0.9999640991364236E+000  0.2451532287776234E+001  0.2355521048124532E-016  0.5300081710858105E+003  0.1449068575040118E+002  0.2311814504738334E-002  0.2163453733113912E+003 -0.2920040342469783E+002
                       59                        1                        0                       32 -0.9999989135966090E+000  0.7015194457050107E-001 -0.9341461135217469E-003  0.2926431763397849E+001 -0.3896848298363809E-001  0.9999640991364236E+000  0.2631253633455028E+001  0.2457113813122569E-017  0.5344171695713019E+003  0.1422922714476758E+002  0.2460647663511331E-002  0.2300133259474838E+003 -0.2985719937107628E+002
                       61                        1                        0                       31 -0.9999990032054792E+000  0.7246207601946335E-001 -0.9472209605069386E-003  0.3022800325826984E+001 -0.3951390831365981E-001  0.9999640991364236E+000  0.2840231797598793E+001  0.5143472063690960E-016  0.5407158667873824E+003  0.1414319886326930E+002  0.2625376230525245E-002  0.2457835358566749E+003 -0.3047117684377079E+002
                       62                        1                        0                       30 -0.9999991017855500E+000  0.7490226945364344E-001 -0.9691444582219672E-003  0.3124594504425168E+001 -0.4042846058260744E-001  0.9999640991364236E+000  0.3082314463888326E+001 -0.2062399833041616E-016  0.5491718434005381E+003  0.1421022496235949E+002  0.2805174984653104E-002  0.2638230458563484E+003 -0.3101949350990526E+002
                       63                        1                        0                       29 -0.9999991742627639E+000  0.7748707675154268E-001 -0.9774536621080080E-003  0.3232421339805803E+001 -0.4077508416274529E-001  0.9999640991364236E+000  0.3324205537845744E+001  0.5505834695590336E-017  0.5534414141409379E+003  0.1396740446643808E+002  0.3002123531749730E-002  0.2811820169336159E+003 -0.3109647380701258E+002
                       65                        1                        0                       28 -0.9999992103117840E+000  0.8029184409420263E-001 -0.9614001087257355E-003  0.3349423944519807E+001 -0.4010540025275656E-001  0.9999640991364236E+000  0.3550841632036419E+001 -0.2952256056347187E-016  0.5506165738164059E+003  0.1318652390646689E+002  0.3223390114023867E-002  0.2963971806136790E+003 -0.3049193085211627E+002
                       66                        1                        0                       27 -0.9999992043146543E+000  0.8338822211939051E-001 -0.9292295420174902E-003  0.3478591269244363E+001 -0.3876338516197166E-001  0.9999640991364236E+000  0.3776783318271312E+001 -0.1168991217434285E-016  0.5429920902667113E+003  0.1210330289821010E+002  0.3476797794116410E-002  0.3105325030715718E+003 -0.2922176881409140E+002
                       67                        1                        0                       26 -0.9999991924429164E+000  0.8678317175462788E-001 -0.9207841279794414E-003  0.3620213693377026E+001 -0.3841107949108389E-001  0.9999640991364236E+000  0.4084355199457684E+001  0.5343762101480728E-016  0.5421995695231769E+003  0.1150726153641907E+002  0.3765659449896621E-002  0.3301719675233938E+003 -0.2773047403060028E+002
                       68                        1                        0                       25 -0.9999991067086608E+000  0.9044526251071922E-001 -0.9168363351031889E-003  0.3772980074618264E+001 -0.3824639486916624E-001  0.9999640991364236E+000  0.4441900729092956E+001 -0.3666298376898023E-017  0.5428766739748797E+003  0.1100670038309530E+002  0.4090172755316451E-002  0.3523114169099155E+003 -0.2560046368299977E+002
                       69                        1                        0                       24 -0.9999988870419457E+000  0.9438076887669800E-001 -0.9032252685669009E-003  0.3937152157159475E+001 -0.3767860080886781E-001  0.9999640991364236E+000  0.4819945778514771E+001 -0.8008111644816108E-017  0.5410202027856999E+003  0.1035731610752301E+002  0.4453864766878343E-002  0.3742740625573249E+003 -0.2250978928409866E+002
                       71                        1                        0                       23 -0.9999983755124079E+000  0.9861004194031822E-001 -0.8566822962933728E-003  0.4113578899215397E+001 -0.3573703192922948E-001  0.9999640991364236E+000  0.5150978703791918E+001 -0.9726568755842211E-016  0.5296427116899602E+003  0.9201603863262617E+001  0.4861970185735658E-002  0.3904957310136021E+003 -0.1815234784687375E+002
                       72                        1                        0                       22 -0.9999972327135939E+000  0.1031919899274391E+000 -0.7831361386122011E-003  0.4304717693868080E+001 -0.3266900846627688E-001  0.9999640991364236E+000  0.5429473494413529E+001 -0.8657456614553637E-016  0.5098625925455600E+003  0.7741365190350415E+001  0.5324293392592348E-002  0.4005884702125553E+003 -0.1259594200960670E+002
                       73                        1                        0                       21 -0.9999944782581882E+000  0.1081499221548286E+000 -0.7062938964887323E-003  0.4511540903685525E+001 -0.2946348680187263E-001  0.9999640991364236E+000  0.5713989488346732E+001  0.1753939732681464E-016  0.4884947035070937E+003  0.6378474876769321E+001  0.5848202831047739E-002  0.4087548747948871E+003 -0.6062693485859597E+001
                       74                        1                        0                       20 -0.9999703982865151E+000  0.1134231974100599E+000 -0.6073261120718984E-003  0.4731518842978997E+001 -0.2533498445395169E-001  0.9999640991364236E+000  0.5892560888675480E+001 -0.1649211860090412E-017  0.4580705765836132E+003  0.4907703786108269E+001  0.6432410855360711E-002  0.4073113231528021E+003  0.1228613698991998E+001
                       75                        1                        0                       19 -0.9953142459954725E+000  0.1186248820851882E+000 -0.4335313249268620E-003  0.4948510336937900E+001 -0.1808502739961697E-001  0.9999640991364236E+000  0.5517605368258719E+001  0.2832506751469037E-016  0.3920998989165275E+003  0.2863794154396180E+001  0.7035931324862406E-002  0.3679616727606060E+003  0.7452744578233625E+001
                       76                        1                        0                       18 -0.9846152887817423E+000  0.1230109957558642E+000 -0.3154035424752157E-003  0.5131479781937964E+001 -0.1315725388139559E-001  0.9999640991364236E+000  0.5121097226404041E+001  0.2121248258185453E-017  0.3384858805918998E+003  0.1738948506596960E+001  0.7565852538424613E-002  0.3310886356188554E+003  0.1160512271415272E+002
                       78                        1                        0                       17 -0.9656549245249403E+000  0.1284638462855457E+000 -0.3402597479933384E-003  0.5358948814889487E+001 -0.1419414587050756E-001  0.9999640991364236E+000  0.5892297747523514E+001 -0.7079071033643326E-016  0.3570717790139481E+003  0.1890673497670680E+001  0.8251479901238160E-002  0.3661551444718837E+003  0.2001109988062950E+002
                       79                        1                        0                       16 -0.9294157256864501E+000  0.1358059143070377E+000 -0.2844165081098211E-003  0.5665227724172305E+001 -0.1186461057441985E-001  0.9999640991364236E+000  0.6162699023759346E+001 -0.1684342144397732E-017  0.3341718886336848E+003  0.1399834458213901E+001  0.9221623180385214E-002  0.3621872151844806E+003  0.2910965651509390E+002
                       80                        1                        0                       15 -0.8757161641661927E+000  0.1444039939551225E+000 -0.2238223234646691E-003  0.6023901935420906E+001 -0.9336886678690067E-002  0.9999640991364236E+000  0.6366909767094470E+001 -0.3683069019668407E-017  0.3053674181597223E+003  0.9464039437169894E+000  0.1042625673509551E-001  0.3495255630364902E+003  0.3853515614141671E+002
                       81                        1                        0                       14 -0.8065661867909031E+000  0.1540492843081696E+000 -0.1649565310324011E-003  0.6426261189026274E+001 -0.6881263733295446E-002  0.9999640991364236E+000  0.6442274864264481E+001 -0.1348515597159480E-017  0.2714901038268409E+003  0.5818253989666611E+000  0.1186559099792962E-001  0.3265497009957799E+003  0.4679152668888209E+002
                       82                        1                        0                       13 -0.7259118984191266E+000  0.1648727268409170E+000 -0.1023234929262470E-003  0.6877767789606838E+001 -0.4268487804215483E-002  0.9999640991364236E+000  0.6047588659383514E+001  0.9047993828638334E-016  0.2225078401966147E+003  0.2756208493494324E+000  0.1359150802797980E-001  0.2794063500191069E+003  0.5015659685418382E+002
                       83                        1                        0                       12 -0.6308405323720796E+000  0.1774541056435722E+000 -0.5218801758735372E-004  0.7402607789137128E+001 -0.2177055436901150E-002  0.9999640991364236E+000  0.5233363821322809E+001 -0.9644089970636571E-016  0.1662021521044717E+003  0.9842660138186163E-001  0.1574497980488002E-001  0.2163362762631752E+003  0.4770300267273907E+002
                       84                        1                        0                       11 -0.4887463829715317E+000  0.1925079670836266E+000 -0.2416505711657757E-004  0.8030588931351824E+001 -0.1008060306000591E-002  0.9999640991364236E+000  0.4403129160586495E+001 -0.2649018513827223E-016  0.1188325812075786E+003  0.2913330511997845E-001  0.1852965869533540E-001  0.1588380761865643E+003  0.4255276467783804E+002
                       85                        1                        0                       10 -0.3769529751118805E+000  0.2104683470358390E+000 -0.1119322661030996E-004  0.8779817291258896E+001 -0.4669323721226556E-003  0.9999640991364236E+000  0.3769842561157569E+001  0.4205681760272361E-016  0.8510673639939372E+002  0.9716538977917456E-002  0.2214846255199919E-001  0.1152322018902296E+003  0.3710734543814504E+002
                       86                        1                        0                        9 -0.3070930223129064E+000  0.2318577064812524E+000 -0.4909272518040881E-005  0.9672087651874280E+001 -0.2047933399413159E-003  0.9999640991364236E+000  0.3177116588404900E+001  0.3319744355552756E-016  0.5911178359901712E+002  0.2004204768310923E-002  0.2687899802737327E-001  0.7960682045366450E+002  0.3050224022096746E+002
                       87                        1                        0                        8 -0.2670049910341907E+000  0.2583014934097814E+000 -0.1765850345776591E-005  0.1077520658159120E+002 -0.7366353952019580E-004  0.9999640991364236E+000  0.2457461716434414E+001  0.2506901910648946E-016  0.3683138032775750E+002  0.9602307763756202E-003  0.3335983074886179E-001  0.4812687103943463E+002  0.2187886264495500E+002
                       88                        1                        0                        7 -0.2469107574581884E+000  0.2931014554932191E+000 -0.5519157087364325E-006  0.1222690852698299E+002 -0.2302350520221646E-004  0.9999640991364236E+000  0.1806598956386575E+001 -0.1782483066890980E-016  0.2103509704337808E+002 -0.1710407092795227E-003  0.4295423160612201E-001  0.2564918355715293E+002  0.1393866124194992E+002
                       89                        1                        0                        6 -0.2319775515012179E+000  0.3405787406409312E+000 -0.1796141316125735E-006  0.1420745284612914E+002 -0.7492714608615194E-005  0.9999640991364236E+000  0.1397127300394349E+001 -0.4523839170727852E-017  0.1204230137732684E+002  0.2179433791075590E-003  0.5799693928828121E-001  0.1282331730850790E+002  0.8459840633972194E+001
                       90                        1                        0                        5 -0.2116280532652257E+000  0.4069064159570854E+000 -0.6632418902165801E-007  0.1697435285190822E+002 -0.2766754572847568E-005  0.9999640991364236E+000  0.1204199153368096E+001 -0.1093664580932835E-016  0.7275472526365674E+001 -0.5881855630592505E-004  0.8278641567352037E-001  0.5975514830126855E+001  0.4939980051117323E+001
                       91                        1                        0                        4 -0.2057201102441932E+000  0.5017343701382206E+000 -0.2776074395409264E-007  0.2093015962066887E+002 -0.1158056606701290E-005  0.9999640991364236E+000  0.1141011860568889E+001  0.2268297941958764E-017  0.4530765878057179E+001  0.4038086570427202E-004  0.1258686890889984E+000  0.2103960595015288E+001  0.2434795210275424E+001
                       92                        1                        0                        3 -0.2438278883435595E+000  0.6425546653466488E+000 -0.1321466659338591E-007  0.2680456534601344E+002 -0.5512579914692556E-006  0.9999640991364236E+000  0.1141631723508217E+001  0.3450389405319492E-018  0.2765666018091503E+001 -0.1065321713145052E-005  0.2064382489793720E+000 -0.1534587034102079E+000  0.5264982518022764E+000
                       93                        1                        0                        2 -0.2641785109761952E+000  0.8617708095368598E+000 -0.6038576302402863E-008  0.3594930240691019E+002 -0.2519029458876061E-006  0.9999640991364236E+000  0.1143799912490279E+001  0.3512769895534086E-018  0.1539469705143230E+001 -0.4482959749848994E-005  0.3713244640849066E+000 -0.1397936807896014E+001 -0.7951265356500365E+000
                       94                        2                        0                      152 -0.9999999212343195E+000  0.2457014807255445E-001 -0.2800234472326246E-003  0.1024958925816391E+001 -0.1168135132240228E-001  0.9999640991364236E+000  0.2045254064130591E-003 -0.5051154117187227E-020  0.3386948371285143E+000  0.7721203722383754E-002  0.3018460881536258E-003  0.2540884348172213E-001 -0.5814861680608032E-002
                       96                        2                        0                      145 -0.9999999826442891E+000  0.2585377618033546E-001 -0.3329709450517455E-003  0.1078506266378355E+001 -0.1389008894698224E-001  0.9999640991364236E+000  0.5046237770693662E-003  0.8780448712872920E-020  0.7546585879099678E+000  0.1944209030158216E-001  0.3342088713914403E-003  0.6230599633124163E-001 -0.1411330717270326E-001
                       97                        2                        0                      140 -0.9999999465203981E+000  0.2670030777422713E-001 -0.3128657294953714E-003  0.1113819855477724E+001 -0.1305138744306307E-001  0.9999640991364236E+000  0.7143748362776872E-003  0.5333860703365546E-020  0.1001754954563066E+001  0.2347971814349493E-001  0.3564532176192278E-003  0.8784258003031579E-001 -0.1979545018028629E-001
                       98                        2                        0                      134 -0.9999998937589244E+000  0.2805858850225848E-001 -0.3316390259218173E-003  0.1170481376273165E+001 -0.1383452711655883E-001  0.9999640991364236E+000  0.1382930043806696E-002  0.1006102346854676E-019  0.1756037109031794E+001  0.4151634801981236E-001  0.3936421943695361E-003  0.1689848890951054E+000 -0.3773646230830903E-001
                       99                        2                        0                      130 -0.9999995010048232E+000  0.2900959943635373E-001 -0.2896498203417647E-003  0.1210153385679520E+001 -0.1208292143147596E-001  0.9999640991364236E+000  0.1782379315616534E-002 -0.2673577227129959E-019  0.2117550372914495E+001  0.4228821070323469E-001  0.4207784297288483E-003  0.2168346687706035E+000 -0.4818731856919280E-001
                      100                        2                        0                      125 -0.9999999503959223E+000  0.3014755097462915E-001 -0.3746162120912708E-003  0.1257623738029766E+001 -0.1562734702308837E-001  0.9999640991364236E+000  0.3412477391416934E-002 -0.6747614921428063E-020  0.3753283239426069E+001  0.9329114193183716E-001  0.4544374148839314E-003  0.4131326350130374E+000 -0.9102264027376611E-001
                      101                        2                        0                      118 -0.9999999560236787E+000  0.3192790820662261E-001 -0.3847095409033711E-003  0.1331892441282386E+001 -0.1604839647816748E-001  0.9999640991364236E+000  0.6174460037617718E-002 -0.1652293890264695E-018  0.6055020855440544E+001  0.1459379168551621E+000  0.5096956612252587E-003  0.7418233623994793E+000 -0.1617692455359126E+000
                      102                        2                        0                      121 -0.9999999715419502E+000  0.3131999702630153E-001 -0.3954420022729455E-003  0.1306533050344499E+001 -0.1649610774324579E-001  0.9999640991364236E+000  0.5253421635584209E-002  0.6649402534061205E-019  0.5353501181219086E+001  0.1352061190400906E+000  0.4904711068637685E-003  0.6328141642151923E+000 -0.1384328635839857E+000
                      103                        2                        0                      115 -0.9999999799763289E+000  0.3284955376516836E-001 -0.4402804524739806E-003  0.1370339455882419E+001 -0.1836657143022131E-001  0.9999640991364236E+000  0.9009222150400698E-002 -0.5722379772902086E-020  0.8345283752818748E+001  0.2237427488548623E+000  0.5395465912853455E-003  0.1078360128281524E+001 -0.2337003714054763E+000
                      104                        2                        0                      112 -0.9999999592799600E+000  0.3381910950478370E-001 -0.4367355459260238E-003  0.1410785073322768E+001 -0.1821869346071197E-001  0.9999640991364236E+000  0.1157710740239938E-001 -0.3933171832130603E-018  0.1011824472096057E+002  0.2613745271930901E+000  0.5718660838482757E-003  0.1380203332280904E+001 -0.2975924480310448E+000
                      105                        2                        0                      107 -0.9999998050322169E+000  0.3553118207631544E-001 -0.4112934048691168E-003  0.1482205239723680E+001 -0.1715735880814284E-001  0.9999640991364236E+000  0.1673861197757190E-001 -0.2612440343910053E-018  0.1325477368836846E+002  0.3069044946118533E+000  0.6312324498701381E-003  0.1981817029746380E+001 -0.4237299032404536E+000
                      106                        2                        0                      100 -0.9999999999996065E+000  0.3791432449544871E-001 -0.1296930696071061E-002  0.1581619499937715E+001 -0.5410226626139734E-001  0.9999640991364236E+000  0.7017193138137981E-001 -0.1797045858051526E-017  0.4864960733443933E+002  0.3332201425721176E+001  0.7187480009730885E-003  0.8245468535586324E+001 -0.1711295010263574E+001
                      107                        2                        0                      103 -0.9999995604776942E+000  0.3705743207415230E-001 -0.4067983197356666E-003  0.1545873702514002E+001 -0.1696984355116396E-001  0.9999640991364236E+000  0.2318887811829424E-001 -0.3487895011823757E-019  0.1688180465120366E+002  0.3706874065880559E+000  0.6866266359652060E-003  0.2729257605653312E+001 -0.5790662844982134E+000
                      108                        2                        0                       96 -0.9999999851906024E+000  0.3986412405913621E-001 -0.6112700033267937E-003  0.1662956594873124E+001 -0.2549950631732090E-001  0.9999640991364236E+000  0.5296621544658408E-001  0.1062742032712180E-017  0.3331002369896106E+002  0.1021780639943422E+001  0.7945741935010989E-003  0.6171052298480266E+001 -0.1286033358315047E+001
                      109                        2                        0                       91 -0.9999999375439944E+000  0.4208002111639581E-001 -0.5357374154028064E-003  0.1755394111359461E+001 -0.2234861768799352E-001  0.9999640991364236E+000  0.6881742696608437E-001 -0.1285767235623068E-017  0.3884920420584526E+002  0.9893694650887355E+000  0.8853640885781613E-003  0.7953096768241181E+001 -0.1642009159339353E+001
                      110                        2                        0                       79 -0.9999999581288795E+000  0.4836439170912263E-001 -0.7635269534108067E-003  0.2017550518115041E+001 -0.3185099917545757E-001  0.9999640991364236E+000  0.1944163112971888E+000  0.1010948702728144E-017  0.8306217714588476E+002  0.2623253393469063E+001  0.1169557192696727E-002  0.2200281035743988E+002 -0.4388526443476597E+001
                      111                        2                        0                       75 -0.1000000000000000E+001  0.5119364801026625E-001 -0.3813743484053925E-002  0.2135574694880937E+001 -0.1590926685998102E+000  0.9999640991364236E+000  0.8342203926024160E+000 -0.2873718113778470E-016  0.3130915889367441E+003  0.4690873391748515E+002  0.1310394798299518E-002  0.9399370885887342E+002 -0.1749958363476950E+002
                      112                        2                        0                       86 -0.9999999506913775E+000  0.4459012998919194E-001 -0.6140173653989161E-003  0.1860104855728852E+001 -0.2561411422566382E-001  0.9999640991364236E+000  0.1075531916037317E+000 -0.2219899628392670E-017  0.5406865276858773E+002  0.1489360713037110E+001  0.9941398462265162E-003  0.1232335045557741E+002 -0.2509952937397707E+001
                      113                        2                        0                       73 -0.9999998795402907E+000  0.5244237890173173E-001 -0.7911200132167684E-003  0.2187666276477056E+001 -0.3300206073419101E-001  0.9999640991364236E+000  0.2963967556119079E+000  0.8920945300334489E-018  0.1077107273701005E+003  0.3250480340035655E+001  0.1375101552436397E-002  0.3311312528997802E+002 -0.6470521573399608E+001
                      114                        2                        0                       69 -0.9999999513356074E+000  0.5571723914110817E-001 -0.8519121276351965E-003  0.2324279097174686E+001 -0.3553804139285137E-001  0.9999640991364236E+000  0.4073799447270246E+000 -0.3155119753731519E-018  0.1311482980818759E+003  0.4011430636652334E+001  0.1552205368753716E-002  0.4506210262395697E+002 -0.8651995048312715E+001
                      115                        2                        0                       65 -0.9999999699476324E+000  0.5963764731185166E-001 -0.9588471271636094E-003  0.2487821349161989E+001 -0.3999890104763094E-001  0.9999640991364236E+000  0.5792428956589505E+000 -0.1399208265965396E-016  0.1627532630462463E+003  0.5234809040908578E+001  0.1778324488446407E-002  0.6334296349358530E+002 -0.1189320522710151E+002
                      116                        2                        0                       61 -0.9999999955049645E+000  0.6361043768429166E-001 -0.1405862866846475E-002  0.2653548757096428E+001 -0.5864643915018563E-001  0.9999640991364236E+000  0.9259135121404309E+000  0.4569697447697296E-016  0.2285199258235351E+003  0.1010603491058334E+002  0.2023143891193576E-002  0.1001736549050461E+003 -0.1826308064688105E+002
                      117                        2                        0                       49 -0.9999993708381828E+000  0.7981523233390474E-001 -0.1076715485993802E-002  0.3329541790109348E+001 -0.4491585254900524E-001  0.9999640991364236E+000  0.1646992906503985E+001 -0.5333767762969202E-016  0.2584222134785390E+003  0.6973552594670326E+001  0.3185235656257591E-002  0.1704390813254800E+003 -0.2814587826082268E+002
                      118                        2                        0                       50 -0.9999995928422128E+000  0.7816290462437502E-001 -0.1073654667112415E-002  0.3260613917584720E+001 -0.4478816859596103E-001  0.9999640991364236E+000  0.1547789004386696E+001  0.1740039556755480E-016  0.2532277688708167E+003  0.6958043252218048E+001  0.3054719829659568E-002  0.1608701412583387E+003 -0.2689006444976794E+002
                      120                        2                        0                       40 -0.9999998242969653E+000  0.9743138366757412E-001 -0.1299426659526358E-002  0.4064410440255808E+001 -0.5420638692092545E-001  0.9999640991364236E+000  0.3063445730487347E+001 -0.2252170349708036E-017  0.3225726139088227E+003  0.8605726634563521E+001  0.4746437261689000E-002  0.3029674795300892E+003 -0.4255111572289812E+002
                      121                        2                        0                       35 -0.9999997138398834E+000  0.1118056232518121E+000 -0.1360286825947278E-002  0.4664040736344466E+001 -0.5674520641096639E-001  0.9999640991364236E+000  0.4310838328641715E+001  0.7165380530827455E-016  0.3447373636787638E+003  0.8389756980401899E+001  0.6250248695363078E-002  0.4104825754981306E+003 -0.4787457877775988E+002
                      122                        2                        0                       30 -0.9999997751498663E+000  0.1302944476842986E+000 -0.1402471909883630E-002  0.5435313484639265E+001 -0.5850498328285164E-001  0.9999640991364236E+000  0.6107092302138887E+001 -0.7728928444854431E-018  0.3596486971509999E+003  0.7743309876830565E+001  0.8488321548678191E-002  0.5518035523791576E+003 -0.4450627521553221E+002
                      123                        2                        0                       25 -0.9999997502164748E+000  0.1570712497108560E+000 -0.1258487549042911E-002  0.6552324345171907E+001 -0.5249858660238103E-001  0.9999640991364236E+000  0.8655982411291131E+001 -0.1684083393759811E-017  0.3508214100631961E+003  0.5622072055971721E+001  0.1233568874286501E-001  0.7157799099243642E+003 -0.1433921174423932E+002
                      124                        2                        0                       22 -0.9839925271170249E+000  0.1789068662513552E+000 -0.9932859712297483E-003  0.7463210596561187E+001 -0.4143553873154532E-001  0.9999640991364236E+000  0.1033269657155550E+002  0.3160597954511533E-018  0.3228243681506454E+003  0.3584731349342179E+001  0.1600383339594017E-001  0.7841618730098239E+003  0.2696781563739817E+002
                      125                        2                        0                       13 -0.4004681967074217E+000  0.2847474269243176E+000 -0.7237388117687773E-004  0.1187841505747129E+002 -0.3019121223411639E-002  0.9999640991364236E+000  0.1007237816889861E+002 -0.6098967362754993E-016  0.1242393975291655E+003  0.6314420221178332E-001  0.4054054857000992E-001  0.4347779907861856E+003  0.1378356836677500E+003
                      126                        2                        0                        8 -0.1287833947747683E+000  0.4444402980984280E+000 -0.9927145280756011E-006  0.1854010196370467E+002 -0.4141170062687822E-004  0.9999640991364236E+000  0.4109450403480998E+001  0.2577816746419863E-016  0.2080538580404493E+002  0.2241187123809115E-003  0.9876358928691001E-001  0.6240824788216473E+002  0.4491174097831913E+002
                      127                        2                        0                        5 -0.1998681348694336E+000  0.6942753472963101E+000 -0.6463020511279787E-007  0.2896212558769678E+002 -0.2696088986199557E-005  0.9999640991364236E+000  0.2061234496230134E+001 -0.4623908393524361E-019  0.4273594601806252E+001  0.1017432268638260E-003  0.2410091289317060E+000  0.5408920205693860E+001  0.8195076727268384E+001
                      128                        3                        0                      216 -0.9999999633866767E+000  0.2419261382936541E-001 -0.2717080351066097E-003  0.1009209851320980E+001 -0.1133446876169353E-001  0.9999640991364236E+000  0.3233046364040363E-006  0.2309252896501832E-023  0.5521992013181079E-003  0.1223462937216603E-004  0.2926412819484014E-003  0.4380032846753450E-004 -0.1135549308809399E-004
                      129                        3                        0                      206 -0.9999999777887403E+000  0.2539575176375271E-001 -0.2800738295603055E-003  0.1059399494509009E+001 -0.1168345305236774E-001  0.9999640991364236E+000  0.1159603514882499E-005  0.2876167737402384E-023  0.1797655459178648E-002  0.3954869848811175E-004  0.3224721038230744E-003  0.1563044431181430E-003 -0.3998867179562650E-004
                      130                        3                        0                      199 -0.9999999725576948E+000  0.2632364601816838E-001 -0.2749421791257007E-003  0.1098107177322669E+001 -0.1146938308007510E-001  0.9999640991364236E+000  0.2570665296832907E-005  0.2153283999546229E-022  0.3708920310475112E-002  0.7757484453439734E-004  0.3464671698449183E-003  0.3450833948699866E-003 -0.8749246068763751E-004
                      131                        3                        0                      189 -0.9999999199034499E+000  0.2779728664915070E-001 -0.2779459811567824E-003  0.1159581007830765E+001 -0.1159468853993848E-001  0.9999640991364236E+000  0.8344071792682978E-005  0.8065695840844999E-021  0.1079660089741905E-001  0.2157334140305985E-003  0.3863445725275266E-003  0.1113158403544047E-002 -0.2785868513944954E-003
                      132                        3                        0                      185 -0.9999999160132510E+000  0.2850195635161284E-001 -0.2813936298448330E-003  0.1188976740374100E+001 -0.1173850933765861E-001  0.9999640991364236E+000  0.1394935038302106E-004 -0.3192744132710683E-021  0.1716790461885928E-001  0.3393056922789808E-003  0.4061807579346234E-003  0.1855543167043345E-002 -0.4615332281005615E-003
                      133                        3                        0                      172 -0.9999999999999999E+000  0.3074075665647972E-001 -0.9577446348172022E-003  0.1282369680002208E+001 -0.3995290989740435E-001  0.9999640991364236E+000  0.3007654031637621E-003 -0.1501373727958776E-020  0.3173811841302229E+000  0.1979567610007806E-001  0.4724970599064526E-003  0.3972424655389827E-001 -0.9583761641583703E-002
                      134                        3                        0                      179 -0.9999999854208651E+000  0.2942168239886789E-001 -0.3272104493121674E-003  0.1227343681373242E+001 -0.1364978630379211E-001  0.9999640991364236E+000  0.3115618755227459E-004 -0.2250997082053587E-020  0.3598284640061248E-001  0.8002686362286298E-003  0.4328176975899265E-003  0.4129516344773576E-002 -0.1018694430015134E-002
                      135                        3                        0                      171 -0.9999999873265358E+000  0.3091455146758483E-001 -0.3385988929078936E-003  0.1289619638056053E+001 -0.1412486227322164E-001  0.9999640991364236E+000  0.7623318453362194E-004  0.1785038558445382E-020  0.7974605177757606E-001  0.1747017361167008E-002  0.4778547462209777E-003  0.1004462292717279E-001 -0.2449016152125403E-002
                      136                        3                        0                      159 -0.9999999739741600E+000  0.3342074250417192E-001 -0.3767421063467335E-003  0.1394166947464429E+001 -0.1571603001702247E-001  0.9999640991364236E+000  0.2868614441738826E-003 -0.2098039976434947E-019  0.2567564803374392E+000  0.5789294352337150E-002  0.5584730147650816E-003  0.3744041941563567E-001 -0.8961144464257283E-002
                      137                        3                        0                      157 -0.9999999868845417E+000  0.3387191114616527E-001 -0.4045999436124670E-003  0.1412987726455830E+001 -0.1687813693128029E-001  0.9999640991364236E+000  0.3754624666746000E-003 -0.2127065365045620E-019  0.3271506697730974E+000  0.7816646219938488E-002  0.5736531823468581E-003  0.4892559332245146E-001 -0.1166871257325591E-001
                      138                        3                        0                      151 -0.9999999831931070E+000  0.3509522897030924E-001 -0.3851873878333549E-003  0.1464019186228237E+001 -0.1606833015844545E-001  0.9999640991364236E+000  0.5779529146649725E-003 -0.4284244342934085E-020  0.4691224685485651E+000  0.1029897695009322E-001  0.6158375482392171E-003  0.7497167857848465E-001 -0.1774434207592503E-001
                      139                        3                        0                      145 -0.9999999953484653E+000  0.3664096829256997E-001 -0.4517182368405904E-003  0.1528500658242898E+001 -0.1884370568043021E-001  0.9999640991364236E+000  0.1179642080787082E-002 -0.1342337199977996E-019  0.8783449017020027E+000  0.2166011612890338E-001  0.6712802787085629E-003  0.1522041772698320E+000 -0.3563544172739341E-001
                      140                        3                        0                      135 -0.9999999571520205E+000  0.3975516893185873E-001 -0.4382594451181653E-003  0.1658411464339651E+001 -0.1828226385818851E-001  0.9999640991364236E+000  0.2957005449377321E-002 -0.4016880879984820E-019  0.1870481267338684E+001  0.4124540523357376E-001  0.7902367284003134E-003  0.3774739938110102E+000 -0.8679601008710089E-001
                      141                        3                        0                      131 -0.9999999357256246E+000  0.4078206942323020E-001 -0.4367077699838220E-003  0.1701249253572681E+001 -0.1821753477010096E-001  0.9999640991364236E+000  0.3881097956010749E-002 -0.1017700369671836E-018  0.2332993071609855E+001  0.4997055684304907E-001  0.8315885932205830E-003  0.4937601692838174E+000 -0.1128879514452834E+000
                      142                        3                        0                       83 -0.1000000000000000E+001  0.4076255971333984E-001 -0.4437531880233927E-002  0.1700435393955997E+001 -0.1851143874188175E+000  0.9999640991364236E+000  0.6411449294066937E-001 -0.6480930535833267E-018  0.3724510605154003E+002  0.8206479205729302E+001  0.8307931371917984E-003  0.8218355871917865E+001 -0.1754917142190977E+001
                      143                        3                        0                      126 -0.9999999999999918E+000  0.4265954258624996E-001 -0.1367154297176719E-002  0.1779569207963488E+001 -0.5703168722148559E-001  0.9999640991364236E+000  0.1782264811907344E-001 -0.1052028382152438E-017  0.9764470235189389E+001  0.6265076531023156E+000  0.9099182868340380E-003  0.2257725937971123E+001 -0.5033505077138576E+000
                      144                        3                        0                      113 -0.9999999794453561E+000  0.4788315694904691E-001 -0.5654277435623895E-003  0.1997475512409084E+001 -0.2358716809345790E-001  0.9999640991364236E+000  0.2159615622696866E-001  0.2120587793299475E-018  0.9416207364361146E+001  0.2224131824291525E+000  0.1146398359703532E-002  0.2688358910985798E+001 -0.5912526586537963E+000
                      145                        3                        0                      107 -0.9999999178100096E+000  0.5029596170095181E-001 -0.5451185113719723E-003  0.2098127155183658E+001 -0.2273995590944596E-001  0.9999640991364236E+000  0.3124323719795680E-001 -0.4662428989607115E-018  0.1234762757631934E+002  0.2676838014963581E+000  0.1264841881711805E-002  0.3862094985530860E+001 -0.8397953502895755E+000
                      147                        3                        0                       92 -0.9999999817816869E+000  0.5885222331958128E-001 -0.7323153053828657E-003  0.2455056901465106E+001 -0.3054898597060382E-001  0.9999640991364236E+000  0.1147357083821211E+000  0.6658706652857698E-017  0.3311447696928223E+002  0.8242335638993132E+000  0.1731792094828936E-002  0.1386297856934862E+002 -0.2889713654631910E+001
                      148                        3                        0                       37 -0.1000000000000000E+001  0.5641559494137669E-001 -0.1224672762867153E-001  0.2353411441382266E+001 -0.5108798187940295E+000  0.9999640991364236E+000  0.1460688777545115E+001  0.7014807019531065E-017  0.3988837425399137E+003  0.1817443040310604E+003  0.1591359676294743E-002  0.1802362724324287E+003 -0.3185451386560123E+002
                      150                        3                        0                       75 -0.9999998870775672E+000  0.7297197022377114E-001 -0.9438249694452876E-003  0.3044070877977668E+001 -0.3937224244578009E-001  0.9999640991364236E+000  0.4299321942668750E+000 -0.1820538595698387E-016  0.8070801077333742E+002  0.2088116468928608E+001  0.2662454219169463E-002  0.5022466902109577E+002 -0.9791670425129542E+001
                      151                        3                        0                       69 -0.9999999921440934E+000  0.7903218539844623E-001 -0.1306023724285412E-002  0.3296876502807808E+001 -0.5448158755826042E-001  0.9999640991364236E+000  0.7415254538350975E+000 -0.2145538159570287E-016  0.1186339734718854E+003  0.3921973922332419E+001  0.3123043164427193E-002  0.8550702264256395E+002 -0.1612517423227746E+002
                      153                        3                        0                       54 -0.9999999577211850E+000  0.1022998461547851E+000 -0.1428473536175890E-002  0.4267501364516175E+001 -0.5958965720810828E-001  0.9999640991364236E+000  0.1958446692562977E+001  0.1424296823863496E-017  0.1870486322946146E+003  0.5224760196814583E+001  0.5232629261646360E-002  0.2153140590098577E+003 -0.3575026704382798E+002
                      154                        3                        0                       50 -0.9999997584475070E+000  0.1107594950397218E+000 -0.1358717823194626E-002  0.4620400850847481E+001 -0.5667975449056232E-001  0.9999640991364236E+000  0.2413688381983528E+001  0.6607536943846082E-016  0.1966844287190947E+003  0.4826291961973813E+001  0.6133832870727076E-002  0.2610019491517579E+003 -0.4103829899305476E+002
                      155                        3                        0                       46 -0.9999996573989306E+000  0.1196873974047137E+000 -0.1426405762319916E-002  0.4992833820758531E+001 -0.5950339874259182E-001  0.9999640991364236E+000  0.3065386934185860E+001 -0.4166689415053317E-016  0.2139194054534611E+003  0.5099604170779036E+001  0.7162536548756926E-002  0.3258627859195878E+003 -0.4789300917047154E+002
                      156                        3                        0                       37 -0.9999998858752700E+000  0.1498630375951842E+000 -0.1598758489555016E-002  0.6251629317802966E+001 -0.6669319937573255E-001  0.9999640991364236E+000  0.5637017436840288E+001  0.1881341211774695E-016  0.2509335978801179E+003  0.5354593912048958E+001  0.1122946501862778E-001  0.5652216816233876E+003 -0.6016588834578452E+002
                      157                        3                        0                       32 -0.9999998641943829E+000  0.1729498482846659E+000 -0.1674235617967973E-002  0.7214709907099447E+001 -0.6984177447725033E-001  0.9999640991364236E+000  0.7945559804691731E+001  0.4425155238164587E-017  0.2655882234429661E+003  0.5142515206659579E+001  0.1495582501084450E-001  0.7589198796672098E+003 -0.5228889925330829E+002
                      158                        3                        0                       23 -0.9285494702181145E+000  0.2418583173316638E+000 -0.1209778494820171E-002  0.1008926931982667E+002 -0.5046665827430392E-001  0.9999640991364236E+000  0.1448997162647691E+002 -0.3232383540314216E-016  0.2477191962200358E+003  0.2478251006482471E+001  0.2924772283125189E-001  0.1146691725004441E+004  0.7944817301359767E+002
                      159                        3                        0                       20 -0.7571182036175842E+000  0.2750019292268834E+000 -0.5622445770666719E-003  0.1147187559250705E+002 -0.2345438033399829E-001  0.9999640991364236E+000  0.1382817996963566E+002 -0.1966844737603259E-015  0.1828668074802804E+003  0.7477471650320177E+000  0.3781303053925390E-001  0.9721362754253038E+003  0.1395121091746728E+003
                      160                        3                        0                       13 -0.1813876263202217E+000  0.4010458667953699E+000 -0.4044215520024321E-004  0.1672987641832108E+002 -0.1687069521491554E-002  0.9999640991364236E+000  0.1359228076812167E+002  0.1819489345918222E-015  0.8451837562528571E+002  0.1704065852462757E-001  0.8041889363682478E-001  0.5348005359109032E+003  0.2390649387403553E+003
                      161                        3                        0                        6 -0.1424833598331292E+000  0.8124308862517354E+000 -0.1298939164032895E-006  0.3389105698564332E+002 -0.5418605074485337E-005  0.9999640991364236E+000  0.3281942905423323E+001  0.1974037946959695E-016  0.4971743604851889E+001  0.5658128670956925E-004  0.3300219724678908E+000  0.1190827676898018E+002  0.1998820759977775E+002
