                                                                                                                                                                                                                                                                



                        1                        2                        3                        4                        5                        6                        7                        8                        9                       10                       11                       12                       13                       14                       15                       16                       17
                        j                        l                      n_p                      n_g                      eta                Re(omega)                Im(omega)                 Re(freq)                 Im(freq)                    x_ref             Re(xi_r_ref)             Im(xi_r_ref)             Re(xi_h_ref)             Im(xi_h_ref)                        H            Re(lag_L_ref)            Im(lag_L_ref)
                        3                        1                        0                       95 -0.9999985992219500E+000  0.4713890763292930E-001 -0.5759658856819265E-003  0.1016211487502830E+001 -0.1241656158003218E-001  0.9999733777286288E+000  0.2696868620912454E+000  0.6810190848269376E-017  0.1213232965022940E+003  0.2972322714566366E+001  0.1111038306412921E-002  0.1602353807044132E+002 -0.2537854231360722E+001
                        4                        1                        0                       92 -0.9999965662692919E+000  0.4881760335243552E-001 -0.5097599349828279E-003  0.1052400486354224E+001 -0.1098930645215833E-001  0.9999733777286288E+000  0.2887543649514820E+000 -0.1551605546403466E-016  0.1211419138854175E+003  0.2536532243983888E+001  0.1191579198537858E-002  0.1704796569256812E+002 -0.2665222211815840E+001
                        5                        1                        0                       91 -0.9999952422926655E+000  0.4938636368443625E-001 -0.4783947846637475E-003  0.1064661711996443E+001 -0.1031314258536484E-001  0.9999733777286288E+000  0.2911862420051928E+000  0.6844752163543032E-017  0.1193663063153888E+003  0.2298546747971404E+001  0.1219506458985703E-002  0.1715339536961426E+002 -0.2672962126989089E+001
                        6                        1                        0                       90 -0.9999991354446703E+000  0.4984626680630170E-001 -0.6232311564930461E-003  0.1074576214878381E+001 -0.1343549718058138E-001  0.9999733777286288E+000  0.3531753233506325E+000  0.1304681485544713E-017  0.1420779269388098E+003  0.3554811993504964E+001  0.1242325157262509E-002  0.2077452195878944E+002 -0.3208941313924740E+001
                        7                        1                        0                       88 -0.9999997127684958E+000  0.5115673275960344E-001 -0.7406731083644782E-003  0.1102826987384537E+001 -0.1596728814900708E-001  0.9999733777286288E+000  0.4312565721246880E+000  0.2250728965597458E-016  0.1646997252086081E+003  0.4764199175335078E+001  0.1308505653318745E-002  0.2525417876148734E+002 -0.3842441342616513E+001
                        8                        1                        0                       86 -0.9999984961174271E+000  0.5225374362191224E-001 -0.6140012698577692E-003  0.1126476136169963E+001 -0.1323652106301507E-001  0.9999733777286288E+000  0.4173189126045926E+000  0.6663688211435640E-018  0.1527956517493034E+003  0.3597751704955443E+001  0.1365226861252270E-002  0.2433686588522443E+002 -0.3673453217925692E+001
                        9                        1                        0                       84 -0.9999967343802815E+000  0.5351875896170932E-001 -0.5591712455192990E-003  0.1153747093108114E+001 -0.1205450596358391E-001  0.9999733777286288E+000  0.4309023946729404E+000 -0.1890139244568112E-018  0.1503872890277498E+003  0.3148012316551980E+001  0.1432128780400773E-002  0.2500892391258564E+002 -0.3732319285386070E+001
                       10                        1                        0                       87 -0.9999986818229875E+000  0.5158261145699754E-001 -0.6042923386090564E-003  0.1112007998279925E+001 -0.1302721779397994E-001  0.9999733777286288E+000  0.3944248096526635E+000  0.7293540076520735E-017  0.1481773978792321E+003  0.3471591784859673E+001  0.1330382902361784E-002  0.2305391098774041E+002 -0.3504796212893726E+001
                       11                        1                        0                       85 -0.9999962730086237E+000  0.5289579207570217E-001 -0.5388939536851276E-003  0.1140317293019745E+001 -0.1161737201347647E-001  0.9999733777286288E+000  0.4044952540061419E+000 -0.5830605323734855E-017  0.1445386139312711E+003  0.2933588190215386E+001  0.1398982409657960E-002  0.2353023797957893E+002 -0.3538629818623278E+001
                       12                        1                        0                       83 -0.9999977101905327E+000  0.5416913097746667E-001 -0.5988013822803087E-003  0.1167767687702913E+001 -0.1290884481550320E-001  0.9999733777286288E+000  0.4674702548389290E+000  0.2091673423616357E-017  0.1592814617040634E+003  0.3527196589606015E+001  0.1467147375426971E-002  0.2707628005331159E+002 -0.4009511672357674E+001
                       13                        1                        0                       82 -0.9999980425126435E+000  0.5494520053501153E-001 -0.6335034600111935E-003  0.1184498045682770E+001 -0.1365694552044416E-001  0.9999733777286288E+000  0.5070659240881373E+000  0.1925789752837830E-016  0.1679017402869240E+003  0.3863287362927045E+001  0.1509487530916316E-002  0.2928777571434200E+002 -0.4299938648172723E+001
                       14                        1                        0                       81 -0.9999902593972919E+000  0.5563551353239234E-001 -0.4775387685138103E-003  0.1199379680263137E+001 -0.1029468875415119E-001  0.9999733777286288E+000  0.4511608422680555E+000  0.9012296016429456E-017  0.1457228256983795E+003  0.2511509519321760E+001  0.1547655183006507E-002  0.2598604447222101E+002 -0.3799021598371537E+001
                       15                        1                        0                       80 -0.9999955102329815E+000  0.5627354454397161E-001 -0.5771887445343925E-003  0.1213134229867866E+001 -0.1244292373553963E-001  0.9999733777286288E+000  0.5214601674653760E+000  0.6469323173780405E-018  0.1646434470120111E+003  0.3382234724512686E+001  0.1583355907771182E-002  0.2997918962174637E+002 -0.4341792207529674E+001
                       16                        1                        0                       79 -0.9999936551478599E+000  0.5716588070557080E-001 -0.5624294531562969E-003  0.1232371040894387E+001 -0.1212474577599470E-001  0.9999733777286288E+000  0.5415613159172959E+000 -0.7713518066760311E-018  0.1656799669250240E+003  0.3249118588656213E+001  0.1633968958421774E-002  0.3103356270992122E+002 -0.4453851326697742E+001
                       17                        1                        0                       78 -0.9999835102377517E+000  0.5786500505956647E-001 -0.4791307276038699E-003  0.1247442629002786E+001 -0.1032900790145835E-001  0.9999733777286288E+000  0.5156782380520747E+000 -0.2319869019004872E-016  0.1539689690528099E+003  0.2567994282767095E+001  0.1674179405271826E-002  0.2947134731656474E+002 -0.4199278046545359E+001
                       18                        1                        0                       77 -0.9999913215107158E+000  0.5862696869638678E-001 -0.5760109848983796E-003  0.1263868894261749E+001 -0.1241753382025026E-001  0.9999733777286288E+000  0.5955162395913037E+000 -0.1863958081235468E-016  0.1732502448007264E+003  0.3398108223592051E+001  0.1718560729263556E-002  0.3396048653666296E+002 -0.4788240268977251E+001
                       19                        1                        0                       76 -0.9999889664146384E+000  0.5946384204975805E-001 -0.5739748389619320E-003  0.1281910048755682E+001 -0.1237363897849952E-001  0.9999733777286288E+000  0.6218676884908692E+000  0.1541623139619313E-016  0.1758161576349804E+003  0.3391915634569103E+001  0.1767974255659294E-002  0.3535240454245977E+002 -0.4933353086841737E+001
                       20                        1                        0                       75 -0.9999795485577334E+000  0.6025583165902647E-001 -0.5284757050432469E-003  0.1298983608142943E+001 -0.1139277741675857E-001  0.9999733777286288E+000  0.6194098625213307E+000 -0.2212314051602373E-017  0.1705773934414581E+003  0.3002028582559662E+001  0.1815382624460472E-002  0.3511830635893035E+002 -0.4855954079554676E+001
                       21                        1                        0                       74 -0.9999797936764864E+000  0.6099301992827841E-001 -0.5459830877396286E-003  0.1314875770801859E+001 -0.1177019819941037E-001  0.9999733777286288E+000  0.6547167265786811E+000 -0.2617315894920434E-017  0.1759740586622745E+003  0.3147861219153683E+001  0.1860074239985684E-002  0.3702924204826437E+002 -0.5072415407257048E+001
                       22                        1                        0                       73 -0.9999841202642733E+000  0.6193000461970465E-001 -0.5972461328672069E-003  0.1335075106231018E+001 -0.1287531704833826E-001  0.9999733777286288E+000  0.7202308333578410E+000 -0.1865330523439282E-016  0.1877460584500332E+003  0.3613290725332948E+001  0.1917662736098318E-002  0.4060597411021656E+002 -0.5487745361078464E+001
                       23                        1                        0                       72 -0.9999523660082039E+000  0.6272977000995920E-001 -0.4677991647005226E-003  0.1352316294406454E+001 -0.1008472425187928E-001  0.9999733777286288E+000  0.6559072433111583E+000 -0.3687229370357009E-017  0.1666527287960319E+003  0.2503536087044719E+001  0.1967512022751190E-002  0.3686650354178637E+002 -0.4940977203216461E+001
                       24                        1                        0                       71 -0.9999887088291266E+000  0.6355648897680474E-001 -0.6559570676633649E-003  0.1370138542592325E+001 -0.1414099606759936E-001  0.9999733777286288E+000  0.8182966801127666E+000  0.5214189877112308E-016  0.2025481084455918E+003  0.4177634015292134E+001  0.2019713645529353E-002  0.4589311392986662E+002 -0.6054660083210767E+001
                       25                        1                        0                       70 -0.9999843691186098E+000  0.6461222893524615E-001 -0.6159270891012152E-003  0.1392897981184714E+001 -0.1327803750317705E-001  0.9999733777286288E+000  0.8298393175274809E+000 -0.1308349676636246E-016  0.1987250171754968E+003  0.3786730357526209E+001  0.2087370063990335E-002  0.4636349727829329E+002 -0.6031431082674767E+001
                       26                        1                        0                       69 -0.9999764949681331E+000  0.6535008328477487E-001 -0.5570395714811157E-003  0.1408804503073889E+001 -0.1200855174542336E-001  0.9999733777286288E+000  0.8123500019317659E+000  0.9198779171259087E-018  0.1901854387593829E+003  0.3253067931461334E+001  0.2135316692663509E-002  0.4526936347429876E+002 -0.5832197588603556E+001
                       27                        1                        0                       68 -0.9999915968674610E+000  0.6634501853997384E-001 -0.6833741341080493E-003  0.1430253125590302E+001 -0.1473204790298924E-001  0.9999733777286288E+000  0.9457827878504804E+000  0.1502038168628229E-016  0.2148306793805411E+003  0.4423176386740963E+001  0.2200830742534735E-002  0.5254879062025282E+002 -0.6648055498815577E+001
                       28                        1                        0                       67 -0.9999905375317260E+000  0.6741165157620478E-001 -0.6544262919165410E-003  0.1453247395054678E+001 -0.1410799589901619E-001  0.9999733777286288E+000  0.9661858532214486E+000  0.4908137341101107E-016  0.2125630870891953E+003  0.4122636580978767E+001  0.2272165384115819E-002  0.5348209066031274E+002 -0.6659694655419296E+001
                       29                        1                        0                       66 -0.9999874246732910E+000  0.6843222996397494E-001 -0.6138046665131166E-003  0.1475248827281857E+001 -0.1323228272599476E-001  0.9999733777286288E+000  0.9732172626786023E+000  0.4816549727134401E-016  0.2077799969455128E+003  0.3736932278251015E+001  0.2341485048921180E-002  0.5368255257790117E+002 -0.6578906497809845E+001
                       30                        1                        0                       65 -0.9999898303405551E+000  0.6940477165416808E-001 -0.6360050778340780E-003  0.1496214693638915E+001 -0.1371087491543042E-001  0.9999733777286288E+000  0.1030333650684281E+001 -0.1575114880074564E-016  0.2138709693466016E+003  0.3920993159579729E+001  0.2408511164183608E-002  0.5665625558820227E+002 -0.6828215822980159E+001
                       31                        1                        0                       64 -0.9999926053025016E+000  0.7057720992024874E-001 -0.6712844603408509E-003  0.1521489891860665E+001 -0.1447142104548848E-001  0.9999733777286288E+000  0.1108768633423854E+001  0.1279345770182451E-016  0.2225495482095179E+003  0.4222619855665454E+001  0.2490571280063431E-002  0.6073123086014246E+002 -0.7166230019993438E+001
                       32                        1                        0                       63 -0.9999878963110722E+000  0.7166905924315962E-001 -0.5682131124088580E-003  0.1545027769174333E+001 -0.1224942878770176E-001  0.9999733777286288E+000  0.1057935803255071E+001 -0.2379577923181620E-016  0.2059189645571138E+003  0.3281473732186511E+001  0.2568227026399762E-002  0.5771484887355695E+002 -0.6690529761405201E+001
                       33                        1                        0                       62 -0.9999957131423549E+000  0.7283472582135568E-001 -0.7146131012301381E-003  0.1570156984653511E+001 -0.1540549153673636E-001  0.9999733777286288E+000  0.1243993243182165E+001  0.6202052769625959E-017  0.2344808682596852E+003  0.4595385943090991E+001  0.2652448642736025E-002  0.6764121394683769E+002 -0.7640991113205945E+001
                       34                        1                        0                       61 -0.9999957148733316E+000  0.7429170874477152E-001 -0.7280832795356137E-003  0.1601566341768871E+001 -0.1569587904506236E-001  0.9999733777286288E+000  0.1321856333685162E+001  0.6938873670948020E-016  0.2394222300834589E+003  0.4699269219114144E+001  0.2759628994108980E-002  0.7151051772071433E+002 -0.7839470179815258E+001
                       35                        1                        0                       60 -0.9999859023201919E+000  0.7553062102136159E-001 -0.5644023550353722E-003  0.1628274573900233E+001 -0.1216727721454318E-001  0.9999733777286288E+000  0.1207007737388728E+001 -0.4074012336599490E-016  0.2115748757417082E+003  0.3166498087577526E+001  0.2852437355936270E-002  0.6501009880053502E+002 -0.6983025926104966E+001
                       36                        1                        0                       59 -0.9999894396709602E+000  0.7666361809125052E-001 -0.6247034754747333E-003  0.1652699506414450E+001 -0.1346723714948583E-001  0.9999733777286288E+000  0.1320940739453257E+001  0.4077860089356949E-018  0.2247291411652193E+003  0.3656141461204104E+001  0.2938655169420554E-002  0.7088088090912362E+002 -0.7415255893948228E+001
                       37                        1                        0                       58 -0.9999925894264660E+000  0.7802630967810405E-001 -0.6534979758601732E-003  0.1682076149065300E+001 -0.1408798344035126E-001  0.9999733777286288E+000  0.1412558943943186E+001 -0.5293221747489877E-016  0.2319834050583333E+003  0.3883127532008591E+001  0.3044052500991694E-002  0.7545109143465451E+002 -0.7640832573358927E+001
                       38                        1                        0                       57 -0.9999945506102279E+000  0.7947249285642771E-001 -0.6812763665007846E-003  0.1713252687356978E+001 -0.1468682463313297E-001  0.9999733777286288E+000  0.1509615116925864E+001 -0.5658958835400886E-016  0.2389763763484052E+003  0.4108621794106196E+001  0.3157938560407479E-002  0.8024513546494295E+002 -0.7832350159137376E+001
                       39                        1                        0                       56 -0.9999951895672403E+000  0.8099132671822351E-001 -0.6902936747558056E-003  0.1745995415083807E+001 -0.1488121802693968E-001  0.9999733777286288E+000  0.1590804035813306E+001  0.1849615480873809E-017  0.2425084940859526E+003  0.4121573406365424E+001  0.3279797501789012E-002  0.8413559868163728E+002 -0.7900367806908494E+001
                       40                        1                        0                       55 -0.9999958775334050E+000  0.8263678116550838E-001 -0.7504378782428430E-003  0.1781467804993951E+001 -0.1617779517646064E-001  0.9999733777286288E+000  0.1742598008767843E+001 -0.3026970692395376E-016  0.2551075715235618E+003  0.4642733009012802E+001  0.3414418800698053E-002  0.9163857654385758E+002 -0.8192990971721827E+001
                       41                        1                        0                       54 -0.9999910591382485E+000  0.8441594351932487E-001 -0.6933353863136102E-003  0.1819822644188779E+001 -0.1494679065859210E-001  0.9999733777286288E+000  0.1759158352611947E+001 -0.6183122359402764E-016  0.2468617821795270E+003  0.4048230056418396E+001  0.3563025760128923E-002  0.9194472875440469E+002 -0.7818518633603696E+001
                       42                        1                        0                       53 -0.9999794447153354E+000  0.8581260439673102E-001 -0.5880679520149781E-003  0.1849931590259784E+001 -0.1267745559407966E-001  0.9999733777286288E+000  0.1680860815062159E+001 -0.6316493757138858E-017  0.2282325509677650E+003  0.3121018111856606E+001  0.3681901536674929E-002  0.8738043429497057E+002 -0.7138844886345732E+001
                       43                        1                        0                       52 -0.9999903811866881E+000  0.8746223001262900E-001 -0.7768482909667452E-003  0.1885493901419141E+001 -0.1674714576491110E-001  0.9999733777286288E+000  0.2024943012853890E+001  0.2292360680488849E-016  0.2646624079075937E+003  0.4707101180684824E+001  0.3824820839391007E-002  0.1047175886521927E+003 -0.8002846554445552E+001
                       44                        1                        0                       51 -0.9999841699860254E+000  0.8933183748241690E-001 -0.7124999385326904E-003  0.1925798538996113E+001 -0.1535993638249242E-001  0.9999733777286288E+000  0.2034193437211195E+001 -0.1273460929555430E-015  0.2548854950191336E+003  0.4067878987064103E+001  0.3990088593992474E-002  0.1044783771083953E+003 -0.7463555985495494E+001
                       45                        1                        0                       50 -0.9999774090078252E+000  0.9104027519201849E-001 -0.6979359222002448E-003  0.1962628709938966E+001 -0.1504596812475386E-001  0.9999733777286288E+000  0.2102027796469663E+001  0.4217502804294963E-017  0.2535960832908252E+003  0.3880148118874056E+001  0.4144165853519242E-002  0.1072889425268546E+003 -0.7147586362425377E+001
                       46                        1                        0                       49 -0.9999718609407703E+000  0.9294454349144748E-001 -0.7156592231625399E-003  0.2003680559002508E+001 -0.1542804363177669E-001  0.9999733777286288E+000  0.2231673451214254E+001 -0.7140064128289241E-017  0.2582861831801860E+003  0.3985648389952998E+001  0.4319344082416778E-002  0.1131031963786088E+003 -0.6885866695443898E+001
                       47                        1                        0                       48 -0.9999471496061816E+000  0.9481501137509124E-001 -0.6347830740876128E-003  0.2044003745215590E+001 -0.1368453119413336E-001  0.9999733777286288E+000  0.2196583095370392E+001 -0.8483816795078303E-017  0.2443520403063823E+003  0.3271449358488722E+001  0.4494943191029323E-002  0.1105393804809025E+003 -0.6144819672048665E+001
                       48                        1                        0                       47 -0.9999461728952409E+000  0.9665992176400633E-001 -0.6490646608980103E-003  0.2083775967882013E+001 -0.1399241089065727E-001  0.9999733777286288E+000  0.2320365209623415E+001 -0.1045476039124374E-016  0.2483293931086941E+003  0.3328285013660829E+001  0.4671570237711913E-002  0.1159411803432042E+003 -0.5781227956171489E+001
                       49                        1                        0                       46 -0.9999587838422647E+000  0.9880683466698373E-001 -0.7225001420029707E-003  0.2130058702553396E+001 -0.1557551884195454E-001  0.9999733777286288E+000  0.2573164705034317E+001 -0.6497260769047463E-016  0.2635347526213321E+003  0.3859712851663745E+001  0.4881395288454330E-002  0.1275353909927097E+003 -0.5449897993353544E+001
                       50                        1                        0                       45 -0.9999116903141486E+000  0.1011305252360018E+000 -0.6273047854847434E-003  0.2180152376085802E+001 -0.1352331568943235E-001  0.9999733777286288E+000  0.2524063225289055E+001  0.4800375214621421E-016  0.2468037027654421E+003  0.3058906884616801E+001  0.5113691567254814E-002  0.1239286999011319E+003 -0.4414238280070226E+001
                       51                        1                        0                       44 -0.9998755147605385E+000  0.1029113379295957E+000 -0.5607297494483394E-003  0.2218542792987546E+001 -0.1208810389097633E-001  0.9999733777286288E+000  0.2480828115783134E+001 -0.4422821929341143E-018  0.2342371608677779E+003  0.2547804901023526E+001  0.5295371737229723E-002  0.1208917436339296E+003 -0.3627138338571500E+001
                       52                        1                        0                       43 -0.9999575417842991E+000  0.1052773068265040E+000 -0.7447402953588403E-003  0.2269547894565950E+001 -0.1605496778252081E-001  0.9999733777286288E+000  0.3010811771741706E+001  0.2014495905705007E-016  0.2716263601938416E+003  0.3845435536006863E+001  0.5541655666320942E-002  0.1453828069694802E+003 -0.3079616980086094E+001
                       53                        1                        0                       42 -0.9999461507080790E+000  0.1077909327210549E+000 -0.6333847585103143E-003  0.2323736157247346E+001 -0.1365438657636093E-001  0.9999733777286288E+000  0.2926410134781425E+001  0.5154047692219721E-017  0.2518652010982919E+003  0.2962377454465596E+001  0.5809442588437496E-002  0.1397592702859542E+003 -0.1807864065678217E+001
                       54                        1                        0                       41 -0.9999634481882621E+000  0.1102238954643867E+000 -0.6863011570307762E-003  0.2376185499257830E+001 -0.1479514809914612E-001  0.9999733777286288E+000  0.3203613840997137E+001 -0.3031689328869505E-017  0.2636865860025125E+003  0.3280068871608196E+001  0.6074653565672022E-002  0.1514155455625479E+003 -0.6187247194982511E+000
                       55                        1                        0                       40 -0.9999640361810188E+000  0.1131489252749145E+000 -0.6619434661730285E-003  0.2439242728285983E+001 -0.1427004969314499E-001  0.9999733777286288E+000  0.3338458559599937E+001 -0.6335737357400564E-016  0.2607370713475372E+003  0.3053909310637007E+001  0.6401339645434082E-002  0.1557009913311327E+003  0.1006496393169003E+001
                       56                        1                        0                       39 -0.9961086019583797E+000  0.1157758881652526E+000 -0.5068463215916284E-003  0.2495874288083530E+001 -0.1092649533609821E-001  0.9999733777286288E+000  0.3076647724050462E+001  0.6072716720878701E-018  0.2295540743716411E+003  0.2011605806332738E+001  0.6702028140226536E-002  0.1416969922091936E+003  0.2197721897489238E+001
                       57                        1                        0                       38 -0.9904319952630585E+000  0.1185123893994106E+000 -0.6033911760142722E-003  0.2554867254390080E+001 -0.1300779070440759E-001  0.9999733777286288E+000  0.3543419487297567E+001  0.1840070675433784E-017  0.2522883783480094E+003  0.2565813897455275E+001  0.7022593220578768E-002  0.1611250746204371E+003  0.4240698957999125E+001
                       59                        1                        0                       37 -0.9795177613118076E+000  0.1220344616500264E+000 -0.6446995453202317E-003  0.2630795409296888E+001 -0.1389830857015043E-001  0.9999733777286288E+000  0.3921165819181028E+001  0.3154259579469404E-016  0.2632869589521392E+003  0.2783738280228397E+001  0.7446204915105891E-002  0.1752488913371039E+003  0.7045201128266665E+001
                       60                        1                        0                       36 -0.9630157462939665E+000  0.1257626999132138E+000 -0.5583865576154571E-003  0.2711168051376359E+001 -0.1203758981295526E-001  0.9999733777286288E+000  0.3917561799690702E+001 -0.2621727261302144E-018  0.2477092897004470E+003  0.2199361260095780E+001  0.7908128344730536E-002  0.1717292606227182E+003  0.9371506614126563E+001
                       61                        1                        0                       35 -0.9453541450042893E+000  0.1289644714339998E+000 -0.4651822220787876E-003  0.2780191224868594E+001 -0.1002830870710147E-001  0.9999733777286288E+000  0.3798025005674116E+001  0.1291756421529804E-017  0.2283682466860936E+003  0.1645102240908040E+001  0.8315917446125455E-002  0.1636092539708612E+003  0.1097082704742372E+002
                       62                        1                        0                       34 -0.9230065956942028E+000  0.1326961605845317E+000 -0.5622519346171923E-003  0.2860638260512480E+001 -0.1212091886553493E-001  0.9999733777286288E+000  0.4477508168775270E+001 -0.9239532732675249E-017  0.2542772838822152E+003  0.2156981521485750E+001  0.8804135516937900E-002  0.1890017426015771E+003  0.1568415506921560E+002
                       64                        1                        0                       33 -0.8904840116254310E+000  0.1370260220723026E+000 -0.4541501262020040E-003  0.2953980580140084E+001 -0.9790480909976433E-002  0.9999733777286288E+000  0.4359240450974043E+001  0.4861294284792604E-017  0.2322002292617952E+003  0.1537175585287406E+001  0.9388065362479561E-002  0.1794331061219837E+003  0.1805266006495924E+002
                       65                        1                        0                       32 -0.8599262555461664E+000  0.1406423603038075E+000 -0.3621920721357801E-003  0.3031940902898682E+001 -0.7808066899915164E-002  0.9999733777286288E+000  0.4160951180364179E+001 -0.1132002620354815E-016  0.2103587845901571E+003  0.1082602366902435E+001  0.9890136755913015E-002  0.1675243091094852E+003  0.1936198897711785E+002
                       66                        1                        0                       31 -0.8189194971726141E+000  0.1452035828644967E+000 -0.4321693020275372E-003  0.3130270859955038E+001 -0.9316622537932417E-002  0.9999733777286288E+000  0.4942099519580297E+001 -0.3526189554096234E-016  0.2344090457171533E+003  0.1396513548348195E+001  0.1054204023834338E-001  0.1934642215615467E+003  0.2627837513974829E+002
                       67                        1                        0                       30 -0.7632507991734838E+000  0.1508137917531608E+000 -0.3669267549357539E-003  0.3251214662139549E+001 -0.7910136279385771E-002  0.9999733777286288E+000  0.5044102239929090E+001  0.4293984616178530E-016  0.2217943300061648E+003  0.1077737875377337E+001  0.1137239989148289E-001  0.1903414266747344E+003  0.3050659825966036E+002
                       69                        1                        0                       29 -0.7071420950479417E+000  0.1561397641123541E+000 -0.2420672791155008E-003  0.3366030947991578E+001 -0.5218439758962219E-002  0.9999733777286288E+000  0.4512204279439633E+001  0.6189574166092192E-016  0.1850816826307955E+003  0.5751887325356384E+000  0.1218981296853079E-001  0.1641089574529921E+003  0.3010889854748033E+002
                       70                        1                        0                       28 -0.6573712259529930E+000  0.1608390169660043E+000 -0.2082097812577729E-003  0.3467336535506376E+001 -0.4488546344183751E-002  0.9999733777286288E+000  0.4556705800840679E+001  0.2207131920447862E-016  0.1761600090724928E+003  0.4562783090254248E+000  0.1293459468929536E-001  0.1602893824886858E+003  0.3280436007428400E+002
                       71                        1                        0                       27 -0.5920376219255907E+000  0.1670512380631115E+000 -0.1992660219929286E-003  0.3601258400878112E+001 -0.4295738505335028E-002  0.9999733777286288E+000  0.4990413599404172E+001  0.1794621550856632E-016  0.1788498957623714E+003  0.4253257077018023E+000  0.1395305806920918E-001  0.1676729435902486E+003  0.3911007812800278E+002
                       72                        1                        0                       26 -0.5189464417368003E+000  0.1743128639707203E+000 -0.1275948452285770E-003  0.3757803132943673E+001 -0.2750665087046867E-002  0.9999733777286288E+000  0.4550616895050312E+001 -0.5810446070482694E-016  0.1497615755299003E+003  0.2220753516972522E+000  0.1519248727283745E-001  0.1444981620450731E+003  0.3854064319711649E+002
                       73                        1                        0                       24 -0.4064654708685647E+000  0.1867727317997319E+000 -0.8442014252430773E-004  0.4026410562695896E+001 -0.1819913165529089E-002  0.9999733777286288E+000  0.4631332484121228E+001 -0.2013452054254677E-016  0.1327715012229478E+003  0.1204400663804826E+000  0.1744202667196730E-001  0.1327712230992966E+003  0.4322305434397457E+002
                       74                        1                        0                       23 -0.3358796217029564E+000  0.1961487812200188E+000 -0.5868063958527773E-004  0.4228537629417185E+001 -0.1265025920942558E-002  0.9999733777286288E+000  0.4562765422660461E+001 -0.5719591562326354E-016  0.1185987147758553E+003  0.7163259512610852E-001  0.1923717218704943E-001  0.1205772140416453E+003  0.4467332287518453E+002
                       75                        1                        0                       20 -0.1937399987737786E+000  0.2232507613852029E+000 -0.1824187002539273E-004  0.4812796895507915E+001 -0.3932547189614559E-003  0.9999733777286288E+000  0.4017785972313158E+001 -0.5198316018633785E-016  0.8061448009964062E+002  0.1404144030196709E-001  0.2492045122953638E-001  0.8243429306294161E+002  0.4147178927723586E+002
                       76                        1                        0                       17 -0.1137463899121001E+000  0.2580842155843071E+000 -0.3910871033462660E-005  0.5563729789035673E+001 -0.8430980414935535E-004  0.9999733777286288E+000  0.2877932925427872E+001 -0.1616152719416998E-016  0.4320698958489966E+002  0.2000922218884307E-002  0.3330373116688353E-001  0.4146837652415280E+002  0.2815070734263661E+002
                       77                        1                        0                       16 -0.1210932104787785E+000  0.2710343949698714E+000 -0.1512675309443998E-005  0.5842907260845386E+001 -0.3260996284192776E-004  0.9999733777286288E+000  0.1828863919980312E+001  0.2034113030062760E-016  0.2490066433314367E+002 -0.1436779103052794E-003  0.3672982162834221E-001  0.2298677270596834E+002  0.1714756450755998E+002
                       78                        1                        0                       15 -0.1046732098614193E+000  0.2840234543305161E+000 -0.1958862063029377E-005  0.6122922899666059E+001 -0.4222877089950599E-004  0.9999733777286288E+000  0.2433758254159667E+001 -0.1847544583552934E-016  0.3017288313721674E+002  0.2737992144216608E-003  0.4033466130491938E-001  0.2660679734984309E+002  0.2167609185172667E+002
                       79                        1                        0                       14 -0.1153548052040433E+000  0.3065719787182734E+000 -0.1344972104092040E-005  0.6609019643517412E+001 -0.2899464945586498E-004  0.9999733777286288E+000  0.2191151087028251E+001  0.8559928373128967E-017  0.2331230926639352E+002  0.6161991700953045E-003  0.4699318906761887E-001  0.1872291545016925E+002  0.1756129700024390E+002
                       80                        1                        0                       13 -0.1651131612291132E+000  0.3257963450937655E+000 -0.6815957591603223E-006  0.7023454829476012E+001 -0.1469371003854316E-004  0.9999733777286288E+000  0.1428615390625748E+001 -0.6484148476984406E-017  0.1346044428503730E+002  0.4967113161842946E-004  0.5307162923822784E-001  0.9860322658109745E+001  0.1033832151817263E+002
                       81                        1                        0                       12 -0.1688797518362487E+000  0.3457876931181723E+000 -0.7346851096639993E-006  0.7454424458031375E+001 -0.1583820002685620E-004  0.9999733777286288E+000  0.1672808573444394E+001 -0.1189819371931926E-016  0.1399271007500111E+002 -0.7407386971636032E-004  0.5978456435599355E-001  0.9212723521189245E+001  0.1078639854540430E+002
                       82                        1                        0                       11 -0.2316295968618026E+000  0.3814982590144092E+000 -0.5080411446729077E-006  0.8224265956514307E+001 -0.1095225310185266E-004  0.9999733777286288E+000  0.1427711575881530E+001 -0.1522261776435697E-016  0.9806925410419192E+001  0.3120093203409018E-003  0.7277046081551251E-001  0.5190333298568720E+001  0.7357188708017132E+001
                       83                        1                        0                       10 -0.3689563416062378E+000  0.4191581498213556E+000 -0.2838812456537608E-006  0.9036130625804756E+001 -0.6119857192414914E-005  0.9999733777286288E+000  0.9201426033818009E+000 -0.1603666678252007E-017  0.5240108863259365E+001 -0.1457372858620005E-003  0.8784677728083078E-001  0.2106678574981646E+001  0.3679476389091861E+001
                       84                        1                        0                        9 -0.3695022760642951E+000  0.4495890421965502E+000 -0.2536769947868795E-006  0.9692153939867143E+001 -0.5468719772316943E-005  0.9999733777286288E+000  0.9898247409178271E+000  0.3383526937397901E-017  0.4896096224268200E+001  0.6706160037558401E-004  0.1010651534316056E+000  0.1506358703040376E+001  0.3178886343815912E+001
                       85                        1                        0                        8 -0.3773122981355571E+000  0.5132418608400057E+000 -0.1874201873552040E-006  0.1106436913885126E+002 -0.4040368284801843E-005  0.9999733777286288E+000  0.1040863412603478E+001  0.3562153947666544E-017  0.3950203927718320E+001  0.4725978649007635E-004  0.1317086038592559E+000  0.5264950850342103E+000  0.2029603120140971E+001
                       86                        1                        0                        5 -0.3981188184690520E+000  0.7886526658448537E+000 -0.6238730926398213E-007  0.1700162220393541E+002 -0.1344933591633818E-005  0.9999733777286288E+000  0.1154171262450986E+001 -0.2777564621601260E-018  0.1854898427153983E+001 -0.3099133513247321E-005  0.3109865136720980E+000 -0.7724539908223870E+000 -0.3164749584888759E+000
                       87                        1                        0                        4 -0.3037119262689304E+000  0.1012035378845687E+001 -0.3355867262100243E-007  0.2181726368694719E+002 -0.7234513979061032E-006  0.9999733777286288E+000  0.1264374666601390E+001 -0.7327506545527318E-018  0.1234395719627605E+001 -0.1784486241757369E-005  0.5121078040176671E+000 -0.1114658460406919E+001 -0.7882722215282325E+000
                       88                        1                        0                        3 -0.3686392290427148E+000  0.1218459448184004E+001 -0.2172933864740093E-007  0.2626731399766209E+002 -0.4684368955105514E-006  0.9999733777286288E+000  0.1032358081693159E+001  0.2956446993227288E-017  0.6950600971495494E+000 -0.4070475101526247E-005  0.7423217134344338E+000 -0.1142339461364297E+001 -0.6243692933602385E+000
                       89                        1                        0                        2 -0.9082431380233770E-001  0.1627641419728518E+001 -0.7080887847954896E-008  0.3508838009449543E+002 -0.1526484158021590E-006  0.9999733777286288E+000  0.2085118231864382E+001 -0.2367959648465040E-017  0.7867737018941438E+000 -0.3662435816800689E-005  0.1324608295607935E+001 -0.3832151641680652E+001 -0.4438510053788214E+000
                       91                        2                        0                      161 -0.9999996932787353E+000  0.4771991043169069E-001 -0.4490420035449752E-003  0.1028736633884461E+001 -0.9680360986025966E-002  0.9999733777286288E+000  0.1712620797381290E-001  0.8205436210768933E-018  0.7519367156501487E+001  0.1415264470571360E+000  0.1138594925804291E-002  0.1175002274052453E+001 -0.2135718447600111E+000
                       92                        2                        0                      154 -0.9999995453243337E+000  0.5018768358411704E-001 -0.4653412919042372E-003  0.1081936411986551E+001 -0.1003173790374717E-001  0.9999733777286288E+000  0.2649645618606571E-001  0.7313002758772855E-018  0.1051758823372918E+002  0.1950551290351770E+000  0.1259401791769725E-002  0.1804520188967987E+001 -0.3231992931576472E+000
                       93                        2                        0                      148 -0.9999997218190551E+000  0.5228726366320037E-001 -0.5080586988847236E-003  0.1127198754761039E+001 -0.1095263153216845E-001  0.9999733777286288E+000  0.3856935742716271E-001 -0.6087235696999909E-018  0.1410464777708602E+002  0.2741261959066024E+000  0.1366978970692517E-002  0.2610946309497721E+001 -0.4614591178267670E+000
                       94                        2                        0                      142 -0.9999992417338680E+000  0.5424879382941862E-001 -0.4575243042146542E-003  0.1169485044114971E+001 -0.9863220789399080E-002  0.9999733777286288E+000  0.4646159552099485E-001  0.3164077518362539E-019  0.1578541375018076E+002  0.2662810448871430E+000  0.1471465815973380E-002  0.3127573832201167E+001 -0.5466949471515629E+000
                       95                        2                        0                      138 -0.9999990775740176E+000  0.5598815016165912E-001 -0.4582170036284298E-003  0.1206981752766930E+001 -0.9878153869884243E-002  0.9999733777286288E+000  0.5770779966801718E-001 -0.4637892400144820E-017  0.1840728282978508E+002  0.3013164326675969E+000  0.1567336479262248E-002  0.3866003869170089E+001 -0.6685089916080786E+000
                       96                        2                        0                      133 -0.9999987973706478E+000  0.5827661519505992E-001 -0.4868003531404734E-003  0.1256316040990146E+001 -0.1049434821090789E-001  0.9999733777286288E+000  0.7799186244306815E-001 -0.2674698967169824E-017  0.2296171996450689E+002  0.3836373335518909E+000  0.1698081939296543E-002  0.5192966745074519E+001 -0.8845978612892662E+000
                       97                        2                        0                      129 -0.9999988781147389E+000  0.6018029715740381E-001 -0.5259492509337741E-003  0.1297355249911788E+001 -0.1133831260589177E-001  0.9999733777286288E+000  0.1000229567781134E+000 -0.1007105827946357E-016  0.2761380108844508E+002  0.4827019045548626E+000  0.1810834082976713E-002  0.6626939496101708E+001 -0.1114264556589693E+001
                       98                        2                        0                      123 -0.9999998275112787E+000  0.6290604935236574E-001 -0.7062705270431518E-003  0.1356116490502595E+001 -0.1522564392995309E-001  0.9999733777286288E+000  0.1565670952212498E+000  0.1937086358439365E-018  0.3955360930855070E+002  0.8882792487614124E+000  0.1978585522561136E-002  0.1030355109879075E+002 -0.1696062666333480E+001
                       99                        2                        0                      117 -0.9999992667761668E+000  0.6636011008113345E-001 -0.5857566639016790E-003  0.1430578466126615E+001 -0.1262762929029780E-001  0.9999733777286288E+000  0.1848296903029555E+000 -0.2973586312697319E-017  0.4196533565614101E+002  0.7409084899616374E+000  0.2201832104990078E-002  0.1205666540591619E+002 -0.1941653344585846E+001
                      100                        2                        0                      113 -0.9999994888608627E+000  0.6898072644669528E-001 -0.6356696379367336E-003  0.1487073208765953E+001 -0.1370364356675975E-001  0.9999733777286288E+000  0.2363821631824788E+000 -0.8320939349078977E-017  0.4966874886814511E+002  0.9154894645147328E+000  0.2379170310556905E-002  0.1532256143158513E+002 -0.2419330314851419E+001
                      101                        2                        0                      108 -0.9999997791918344E+000  0.7211233618785041E-001 -0.8010966072966257E-003  0.1554583848132457E+001 -0.1726988629591598E-001  0.9999733777286288E+000  0.3357166041321368E+000 -0.2348083326365636E-017  0.6453979571256163E+002  0.1434122736105222E+001  0.2600094515234774E-002  0.2160535871282315E+002 -0.3322673459563638E+001
                      103                        2                        0                      100 -0.9999977738754556E+000  0.7804026638004939E-001 -0.6769424812803320E-003  0.1682377024956506E+001 -0.1459339557065155E-001  0.9999733777286288E+000  0.4286977521248050E+000 -0.6122458354610059E-018  0.7038017891384371E+002  0.1221084157101261E+001  0.3045141588334539E-002  0.2720903445098549E+002 -0.3997590272372631E+001
                      105                        2                        0                       88 -0.9999990100784197E+000  0.8911943874248408E-001 -0.7566549354030210E-003  0.1921219687887988E+001 -0.1631182129674819E-001  0.9999733777286288E+000  0.7588127843750636E+000 -0.1184856670157555E-016  0.9552796259264070E+002  0.1622247070788033E+001  0.3971137180887679E-002  0.4700562780335913E+002 -0.6219958993519104E+001
                      106                        2                        0                       79 -0.9999976487253651E+000  0.9947052398402842E-001 -0.8247066460720277E-003  0.2144366388963222E+001 -0.1777886696239180E-001  0.9999733777286288E+000  0.1143277328648158E+001  0.4778239727380472E-016  0.1155334912761169E+003  0.1915897841446062E+001  0.4947192570828586E-002  0.6929541465162107E+002 -0.8131793836974836E+001
                      107                        2                        0                       75 -0.9999919932325742E+000  0.1047459320641969E+000 -0.7404324646693381E-003  0.2258092619831321E+001 -0.1596210039859715E-001  0.9999733777286288E+000  0.1263101439864341E+001  0.3688853432493015E-016  0.1151154113443543E+003  0.1627544405746076E+001  0.5485855141998678E-002  0.7571086554017876E+002 -0.8283279551749963E+001
                      108                        2                        0                       68 -0.9999963342220262E+000  0.1153814564776677E+000 -0.8901929995178070E-003  0.2487371205766050E+001 -0.1919060915133858E-001  0.9999733777286288E+000  0.1827101159353647E+001 -0.1269041182647136E-015  0.1372295642575654E+003  0.2117635779261891E+001  0.6656440249453980E-002  0.1071605367559628E+003 -0.9786676434632687E+001
                      109                        2                        0                       63 -0.9999963706391907E+000  0.1245538598590404E+000 -0.7824540653774316E-003  0.2685108110421204E+001 -0.1686799396947386E-001  0.9999733777286288E+000  0.2090508173698127E+001 -0.5481692244317393E-016  0.1347475111171351E+003  0.1693045943397933E+001  0.7756832002892713E-002  0.1202519271179368E+003 -0.8984419708774992E+001
                      110                        2                        0                       58 -0.9999974644457398E+000  0.1355745185806068E+000 -0.8546926638454762E-003  0.2922689347557907E+001 -0.1842529975551312E-001  0.9999733777286288E+000  0.2701974129613050E+001  0.3389312101721118E-016  0.1469968218240870E+003  0.1853474215523478E+001  0.9190225044181679E-002  0.1517977143783432E+003 -0.7932997836390408E+001
                      111                        2                        0                       55 -0.9999982933937734E+000  0.1435716122350104E+000 -0.9368880893054029E-003  0.3095089151590784E+001 -0.2019725289925146E-001  0.9999733777286288E+000  0.3249640297287697E+001  0.2107790001598500E-015  0.1576439629146932E+003  0.2057520538507847E+001  0.1030640391988011E-001  0.1793412238096486E+003 -0.6180187345088291E+001
                      112                        2                        0                       48 -0.9903811591924193E+000  0.1645212474947211E+000 -0.7531793702673659E-003  0.3546717351711411E+001 -0.1623689573326420E-001  0.9999733777286288E+000  0.4020342309597914E+001  0.3567562472557388E-016  0.1485341850264317E+003  0.1360000861926393E+001  0.1353362043860963E-001  0.2105730735884714E+003  0.3553755620699738E+001
                      113                        2                        0                       41 -0.8804321088638725E+000  0.1912184687566865E+000 -0.7668599293012638E-003  0.4122250903359990E+001 -0.1653181858879503E-001  0.9999733777286288E+000  0.5846449570424318E+001  0.1026528510701220E-015  0.1598991729243024E+003  0.1282535175609347E+001  0.1828225139682594E-001  0.2827617348229696E+003  0.2661334465958066E+002
                      114                        2                        0                       36 -0.6760094102971187E+000  0.2179438845152929E+000 -0.5216178359136071E-003  0.4698392266534324E+001 -0.1124493679551212E-001  0.9999733777286288E+000  0.6856584007929508E+001  0.3579075965686456E-015  0.1443595904573023E+003  0.6910117621405755E+000  0.2374976839880766E-001  0.2999807800717143E+003  0.5448344358113964E+002
                      115                        2                        0                       31 -0.3970892137408328E+000  0.2513630753874320E+000 -0.2959927321335594E-003  0.5418836743775323E+001 -0.6380954284170786E-002  0.9999733777286288E+000  0.8210136424528010E+001  0.1317711772994365E-015  0.1299511972623963E+003  0.3060446302677224E+000  0.3159169783411394E-001  0.3071244848122008E+003  0.9344352595783576E+002
                      116                        2                        0                       24 -0.3385344358265228E-001  0.3227535516337053E+000 -0.9693278660570708E-005  0.6957858874383245E+001 -0.2089658335560772E-003  0.9999733777286288E+000  0.7082169112756366E+001 -0.1861057167745242E-015  0.6799215882466108E+002  0.4086460285965112E-002  0.5208492754608555E-001  0.1693987420388214E+003  0.1030384093785547E+003
                      117                        2                        0                       15  0.2894628206233248E-001  0.4888358152429478E+000  0.6589719508562466E-006  0.1053822831069760E+002  0.1420599033853035E-004  0.9999733777286288E+000  0.3991422029244193E+001 -0.4775540812930968E-016  0.1670371603103725E+002  0.9051456128788966E-004  0.1194802271321183E+000  0.2307967575846994E+002  0.3783885483431634E+002
                      118                        2                        0                        8 -0.4016014314722560E+000  0.8768442448156822E+000 -0.2048482129911234E-006  0.1890283926965637E+002 -0.4416078303235600E-005  0.9999733777286288E+000  0.1824079197075571E+001 -0.6350267630622943E-017  0.2369760423414390E+001  0.5858524744817343E-004  0.3844279148331929E+000 -0.1560319753046051E+001  0.2244105669034215E+001
                      119                        2                        0                        5 -0.4451703342425587E+000  0.1330792607665921E+001 -0.7170905400126704E-007  0.2868897060417345E+002 -0.1545889968462979E-005  0.9999733777286288E+000  0.2337858062033071E+001  0.4539868630204954E-018  0.1315408754339752E+001 -0.2057028732344538E-004  0.8855044823091319E+000 -0.3647187965657362E+001 -0.4677818175928851E+000
                      120                        3                        0                      230 -0.9999999688882047E+000  0.4711088031754910E-001 -0.4635115366953922E-003  0.1015607280038478E+001 -0.9992292393532429E-002  0.9999733777286288E+000  0.5822970943657988E-003  0.1540843623088344E-019  0.2623075273071553E+000  0.5162092586376731E-002  0.1109717522147219E-002  0.4348967329098016E-001 -0.9082673077854880E-002
                      121                        3                        0                      220 -0.9999999886139065E+000  0.4929776882579311E-001 -0.5263602035138999E-003  0.1062751801105255E+001 -0.1134717184242722E-001  0.9999733777286288E+000  0.1248974932115298E-002 -0.2760907415525887E-019  0.5137896616782038E+000  0.1097287364632888E-001  0.1215135005600671E-002  0.9272371158079282E-001 -0.1909814450517885E-001
                      123                        3                        0                      210 -0.9999998910221889E+000  0.5180087526506311E-001 -0.4463480372495097E-003  0.1116713287396710E+001 -0.9622284979731645E-002  0.9999733777286288E+000  0.1932656812698656E-002 -0.9921166343856966E-020  0.7201424593498232E+000  0.1241135159100742E-001  0.1341665339113308E-002  0.1424966822682255E+000 -0.2895562200664370E-001
                      124                        3                        0                      204 -0.9999999940933088E+000  0.5320938065164635E-001 -0.5944550373989831E-003  0.1147077575114222E+001 -0.1281514715005355E-001  0.9999733777286288E+000  0.3550597230654738E-002  0.1157505591564587E-018  0.1253709976248797E+001  0.2801653671686163E-001  0.1415619094665898E-002  0.2608931930534854E+000 -0.5246469077032156E-001
                      125                        3                        0                      195 -0.9999998975758413E+000  0.5575924557719177E-001 -0.4872048699506403E-003  0.1202047071842859E+001 -0.1050306870635468E-001  0.9999733777286288E+000  0.4881196279762598E-002 -0.4986879676697700E-019  0.1569739953472166E+001  0.2743367020619686E-001  0.1554546733668788E-002  0.3562832731218373E+000 -0.7069694657920746E-001
                      126                        3                        0                      189 -0.9999998550356279E+000  0.5766096155322595E-001 -0.4844987765789718E-003  0.1243043898410465E+001 -0.1044473126688835E-001  0.9999733777286288E+000  0.6892647967795815E-002  0.1659986757214006E-018  0.2072836381027846E+001  0.3483666819218198E-001  0.1662393243621297E-002  0.5007467215976603E+000 -0.9826788179906863E-001
                      127                        3                        0                      180 -0.9999994965921477E+000  0.6047085068613518E-001 -0.4373983981454355E-003  0.1303618946897100E+001 -0.9429350384441797E-002  0.9999733777286288E+000  0.1010474519932815E-001 -0.8278476784085253E-018  0.2763119855690584E+001  0.3997454481664531E-001  0.1828361891352430E-002  0.7291341915851366E+000 -0.1408442407298571E+000
                      128                        3                        0                      171 -0.9999996452690848E+000  0.6381245741571952E-001 -0.4761085990737793E-003  0.1375656660875610E+001 -0.1026385743694392E-001  0.9999733777286288E+000  0.1773106703213135E-001  0.1228610692328444E-018  0.4353976545432097E+001  0.6497425254099132E-001  0.2036014860716513E-002  0.1269697825929636E+001 -0.2403629656241947E+000
                      129                        3                        0                      169 -0.9999996206193543E+000  0.6462731795036183E-001 -0.4777423281691379E-003  0.1393223267265058E+001 -0.1029907705397661E-001  0.9999733777286288E+000  0.1985444502286238E-001 -0.3157147805730763E-018  0.4753231539530932E+001  0.7027817821894050E-001  0.2088345112728576E-002  0.1419149642047765E+001 -0.2673594742018065E+000
                      130                        3                        0                      164 -0.9999997575447350E+000  0.6678238814300090E-001 -0.5318178020922086E-003  0.1439681855215130E+001 -0.1146482570094773E-001  0.9999733777286288E+000  0.2835458763731714E-001  0.1139297090676376E-017  0.6356989629872818E+001  0.1012533932054548E+000  0.2229943683041212E-002  0.2017238479790377E+001 -0.3749394582777832E+000
                      131                        3                        0                      157 -0.9999997247822482E+000  0.6956443925125830E-001 -0.5620085204548902E-003  0.1499656776930461E+001 -0.1211567138992776E-001  0.9999733777286288E+000  0.4074921556244841E-001 -0.7965257458132759E-018  0.8419655455796722E+001  0.1360530580607553E+000  0.2419605604171006E-002  0.2881805162508276E+001 -0.5265896635348800E+000
                      132                        3                        0                      153 -0.9999998222723347E+000  0.7152765636834588E-001 -0.6207217401946483E-003  0.1541979433246174E+001 -0.1338139966756270E-001  0.9999733777286288E+000  0.5386006447013585E-001  0.2355074659376904E-017  0.1052580796429916E+002  0.1827009989187207E+000  0.2558102812774093E-002  0.3793599641533362E+001 -0.6845096337388146E+000
                      133                        3                        0                      149 -0.9999997796456759E+000  0.7365878511399314E-001 -0.6140812358263025E-003  0.1587921896095300E+001 -0.1323824495395598E-001  0.9999733777286288E+000  0.6593115584256291E-001 -0.4901725457436946E-017  0.1215026403030923E+002  0.2026035328253810E+000  0.2712808312234711E-002  0.4623336466929316E+001 -0.8235322132357984E+000
                      134                        3                        0                      142 -0.9999997767317675E+000  0.7741442052980528E-001 -0.6327022131159443E-003  0.1668885160711867E+001 -0.1363967239426952E-001  0.9999733777286288E+000  0.9416504601798496E-001 -0.1068518501505592E-017  0.1571063160524253E+002  0.2568206477864894E+000  0.2996496252982767E-002  0.6553543876905588E+001 -0.1140230574610598E+001
                      135                        3                        0                      130 -0.9999999999934517E+000  0.8441755502718683E-001 -0.1879384908904166E-002  0.1819857384764744E+001 -0.4051541772541478E-001  0.9999733777286288E+000  0.3303797469628388E+000  0.3753620656606999E-017  0.4629529439803400E+002  0.2062362594608613E+001  0.3563161798384059E-002  0.2272364502772711E+002 -0.3719797411178523E+001
                      136                        3                        0                      133 -0.9999997084140516E+000  0.8253328136210351E-001 -0.6990428332669345E-003  0.1779236576175639E+001 -0.1506983070023764E-001  0.9999733777286288E+000  0.1496819260572345E+000  0.6724671532472170E-017  0.2197112797868467E+002  0.3722099008321572E+000  0.3405871266198065E-002  0.1031500674779064E+002 -0.1735570080248981E+001
                      137                        3                        0                      124 -0.9999998885543046E+000  0.8896797901277900E-001 -0.8921241828790736E-003  0.1917954548219947E+001 -0.1923224123011892E-001  0.9999733777286288E+000  0.2656998713216925E+000 -0.5250168857827327E-017  0.3356043413188016E+002  0.6731202894271534E+000  0.3957650644809148E-002  0.1809627198583776E+002 -0.2909737636475424E+001
                      138                        3                        0                      118 -0.9999998641688678E+000  0.9325153108471548E-001 -0.8835580618515517E-003  0.2010298538384403E+001 -0.1904757444362287E-001  0.9999733777286288E+000  0.3358501064007759E+000 -0.6941997965143129E-018  0.3861457527910282E+002  0.7318114174138836E+000  0.4347924024821825E-002  0.2269756212540749E+002 -0.3542167548114663E+001
                      139                        3                        0                      111 -0.9999997227408859E+000  0.9959236273576728E-001 -0.8492329356715613E-003  0.2146992965295966E+001 -0.1830759998758088E-001  0.9999733777286288E+000  0.4484388536842944E+000 -0.9690433384444942E-017  0.4520548264329470E+002  0.7709981289473495E+000  0.4959319357646318E-002  0.2997012906214260E+002 -0.4464911619243108E+001
                      140                        3                        0                      106 -0.9999996242204859E+000  0.1042707567898292E+000 -0.9211951064336757E-003  0.2247848882828546E+001 -0.1985894659840086E-001  0.9999733777286288E+000  0.5756473340885790E+000 -0.2523592079466836E-017  0.5293762313121747E+002  0.9354428296500394E+000  0.5436195360761846E-002  0.3816970744899929E+002 -0.5475807145848095E+001
                      142                        3                        0                       97 -0.9999979687468228E+000  0.1139443160806889E+000 -0.7678599363063618E-003  0.2456389610012141E+001 -0.1655337654711849E-001  0.9999733777286288E+000  0.7454589193586202E+000  0.3359881813850170E-017  0.5741348322927538E+002  0.7738425188265201E+000  0.6491653583547966E-002  0.4863291434409706E+002 -0.6431793824139322E+001
                      143                        3                        0                       88 -0.9999993853295956E+000  0.1262257706449567E+000 -0.9028045104317813E-003  0.2721150840981664E+001 -0.1946248567349615E-001  0.9999733777286288E+000  0.1178982600936309E+001  0.4571803779835347E-016  0.7399107993133561E+002  0.1058466243976973E+001  0.7966472587456589E-002  0.7543281277563636E+002 -0.8792417866262001E+001
                      144                        3                        0                       85 -0.9999991417835753E+000  0.1306505948579840E+000 -0.9412470506384654E-003  0.2816540348741872E+001 -0.2029122254773658E-001  0.9999733777286288E+000  0.1352033422061581E+001  0.8791833014520041E-016  0.7920118948331734E+002  0.1141237825490713E+001  0.8534788968372512E-002  0.8591049804293755E+002 -0.9506006342191874E+001
                      145                        3                        0                       81 -0.9999987250233453E+000  0.1372213521976897E+000 -0.9330284253361234E-003  0.2958191469344801E+001 -0.2011404700712462E-001  0.9999733777286288E+000  0.1573093645130499E+001  0.5675284061790070E-016  0.8353830003155871E+002  0.1136078701731163E+001  0.9414849749481192E-002  0.9893712899385456E+002 -0.1006030919942185E+002
                      146                        3                        0                       74 -0.9999968855545991E+000  0.1502276928002897E+000 -0.9979659445705088E-003  0.3238579653849604E+001 -0.2151395753389763E-001  0.9999733777286288E+000  0.2130807510340783E+001  0.7697785861539809E-017  0.9441074103201376E+002  0.1254399583408028E+001  0.1128417984204913E-001  0.1313514481019865E+003 -0.1085138561401168E+002
                      147                        3                        0                       69 -0.9999965964991250E+000  0.1608762083259617E+000 -0.9317787488770996E-003  0.3468138299677895E+001 -0.2008710672282251E-001  0.9999733777286288E+000  0.2485546657076072E+001 -0.1428678834944604E-016  0.9603493539032684E+002  0.1112485697399422E+001  0.1294057720266913E-001  0.1506743491444025E+003 -0.9930725151870313E+001
                      148                        3                        0                       62 -0.9999992512558643E+000  0.1793684799090141E+000 -0.1108966524342859E-002  0.3866791127169227E+001 -0.2390688664380639E-001  0.9999733777286288E+000  0.3603265198712455E+001 -0.1817192509886531E-017  0.1119924766892180E+003  0.1384864779328006E+001  0.1608652579243521E-001  0.2120755173820848E+003 -0.7073013115717799E+001
                      149                        3                        0                       55 -0.9862239953542871E+000  0.2032002185242385E+000 -0.1024803260757649E-002  0.4380551156072360E+001 -0.2209251122494808E-001  0.9999733777286288E+000  0.4717793639915113E+001  0.1359107732820671E-016  0.1142594539430182E+003  0.1152521074585023E+001  0.2064516440414920E-001  0.2662032756246751E+003  0.3772173783989052E+001
                      150                        3                        0                       50 -0.9236889284772468E+000  0.2236114642856856E+000 -0.8637285117855941E-003  0.4820572859132284E+001 -0.1862009282427872E-001  0.9999733777286288E+000  0.5489057873609056E+001 -0.1587383698104986E-015  0.1097804292872614E+003  0.8480918875677904E+000  0.2500104347999425E-001  0.2971717944638773E+003  0.1791325031843555E+002
                      151                        3                        0                       45 -0.7929373158625082E+000  0.2476587093177109E+000 -0.6335311355724426E-003  0.5338978733842640E+001 -0.1365754214486073E-001  0.9999733777286288E+000  0.6118991838836437E+001 -0.3284146723100229E-015  0.9976973173066727E+002  0.5104394672970902E+000  0.3066741815045716E-001  0.3129290803367003E+003  0.3786163478007212E+002
                      152                        3                        0                       40 -0.5866121070122041E+000  0.2772896268372662E+000 -0.6035334412798452E-003  0.5977756344115189E+001 -0.1301085763158956E-001  0.9999733777286288E+000  0.8244724112577256E+001 -0.2683152103276619E-015  0.1072351992137312E+003  0.4668077222166558E+000  0.3844476857577526E-001  0.3874305979255583E+003  0.7971286738908687E+002
                      153                        3                        0                       33 -0.2124329307317554E+000  0.3350748006874165E+000 -0.1940272810135428E-003  0.7223477987288145E+001 -0.4182802736760180E-002  0.9999733777286288E+000  0.9725581721495601E+001  0.2360203601408266E-015  0.8662959825943189E+002  0.1003254420975663E+000  0.5613756102785580E-001  0.3657531604223135E+003  0.1458232796790572E+003
                      154                        3                        0                       26  0.7920892643543379E-001  0.4249931910408779E+000  0.3321408632756562E-004  0.9161921320054720E+001  0.7160228729909037E-003  0.9999733777286288E+000  0.8873641076258224E+001  0.7517535295256955E-016  0.4913291026315626E+002 -0.7676152132980465E-002  0.9030960621555405E-001  0.2020573282215164E+003  0.1577642625784102E+003
                      155                        3                        0                       21  0.1606037888867780E+000  0.5144756077280247E+000  0.3063501493487158E-004  0.1109096601653113E+002  0.6604237488713037E-003  0.9999733777286288E+000  0.8336306065948762E+001  0.3858882081371544E-017  0.3149765252717565E+002 -0.3740190011070504E-002  0.1323425754735605E+000  0.9863079621021073E+002  0.1290146443875764E+003
                      156                        3                        0                       18  0.1449609553260143E+000  0.5866127081624458E+000  0.1023632289591444E-004  0.1264608372751930E+002  0.2206726765418275E-003  0.9999733777286288E+000  0.6517904309428833E+001 -0.7042491325915097E-016  0.1894244230317794E+002 -0.6278369691181711E-003  0.1720572346888392E+000  0.4138963538021301E+002  0.8095660952532846E+002
                      157                        3                        0                       13 -0.4855889856064777E-001  0.7861040909547812E+000 -0.2451195142566359E-006  0.1694668051754292E+002 -0.5284239255996269E-005  0.9999733777286288E+000  0.3282935746722638E+001  0.9160542506003418E-017  0.5312403526908721E+001  0.5291313128102238E-004  0.3089798209079197E+000  0.3639078358238797E+000  0.1853185017855046E+002
                      158                        3                        0                        6 -0.6465802688937381E+000  0.1554475901548100E+001 -0.1050113700039481E-006  0.3351109195190602E+002 -0.2263814879788949E-005  0.9999733777286288E+000  0.2168716630045329E+001  0.1923232968313753E-018  0.8965339329687496E+000 -0.3859420581464008E-006  0.1208197664246887E+001 -0.5042565020771220E+001  0.1467755296539074E-001
