                                                                                                                                                                                                                                                                



                        1                        2                        3                        4                        5                        6                        7                        8                        9                       10                       11                       12                       13                       14                       15                       16                       17
                        j                        l                      n_p                      n_g                      eta                Re(omega)                Im(omega)                 Re(freq)                 Im(freq)                    x_ref             Re(xi_r_ref)             Im(xi_r_ref)             Re(xi_h_ref)             Im(xi_h_ref)                        H            Re(lag_L_ref)            Im(lag_L_ref)
                        1                        1                        0                      141 -0.9424358662284665E+000  0.1071069559749693E+000 -0.3391588457045593E-003  0.1005594147167695E+001 -0.3184257708531650E-002  0.9999882820550740E+000  0.7970868084982500E+000  0.1725723848726013E-016  0.6948294553242476E+002  0.4394698293669803E+000  0.5735950009112027E-002  0.2311479250311852E+002  0.1554569988769375E+001
                        2                        1                        0                      140 -0.9376544897879774E+000  0.1079120373421937E+000 -0.3292809536492321E-003  0.1013152807606740E+001 -0.3091517229197024E-002  0.9999882820550740E+000  0.8080937067024935E+000  0.3962216501545864E-016  0.6939488060272403E+002  0.4226120929081174E+000  0.5822503901671501E-002  0.2337298990857130E+002  0.1646206391296186E+001
                        3                        1                        0                      137 -0.9298533243674396E+000  0.1102972282349349E+000 -0.3015868687903376E-003  0.1035546628622238E+001 -0.2831506015249556E-002  0.9999882820550740E+000  0.7917698339222443E+000  0.3264846681369314E-016  0.6507899390540365E+002  0.3601283847377839E+000  0.6082739278154657E-002  0.2272104347278044E+002  0.1821546649679018E+001
                        4                        1                        0                      134 -0.9079415970810499E+000  0.1128067697750088E+000 -0.3274965615117970E-003  0.1059107939480165E+001 -0.3074764122236575E-002  0.9999882820550740E+000  0.9241955540696348E+000  0.2157895103414278E-016  0.7262210874162578E+002  0.4241188340673009E+000  0.6362683653535922E-002  0.2630585198466050E+002  0.2389892121925083E+001
                        5                        1                        0                      131 -0.9025324365806839E+000  0.1154633029671714E+000 -0.2823792854298875E-003  0.1084049309585200E+001 -0.2651171944201751E-002  0.9999882820550740E+000  0.8488860694417831E+000 -0.3506441804807875E-016  0.6368015945635172E+002  0.3075444319238580E+000  0.6665887166044416E-002  0.2394533634412885E+002  0.2449826911441705E+001
                        6                        1                        0                      130 -0.8777687478353997E+000  0.1162276188060222E+000 -0.3533890690059348E-003  0.1091225235062118E+001 -0.3317860882429121E-002  0.9999882820550740E+000  0.1071076372840334E+001 -0.3081803341283605E-016  0.7928451869356121E+002  0.4835156494858384E+000  0.6754429686658972E-002  0.3013868634984781E+002  0.3195954976676395E+001
                        7                        1                        0                      127 -0.8517888163856148E+000  0.1190422046812698E+000 -0.3494523441574707E-003  0.1117650513019894E+001 -0.3280900188041071E-002  0.9999882820550740E+000  0.1145001361798658E+001  0.1109168346757470E-016  0.8079869915346424E+002  0.4761909181618548E+000  0.7085523247688629E-002  0.3190198328087343E+002  0.3797534748524102E+001
                        8                        1                        0                      126 -0.8708871469876067E+000  0.1200611979396995E+000 -0.2612783884533314E-003  0.1127217526173734E+001 -0.2453062136052857E-002  0.9999882820550740E+000  0.8992943104277488E+000  0.2313349698079206E-016  0.6239472684914951E+002  0.2675735287224652E+000  0.7207345625357851E-002  0.2495764354564474E+002  0.3082655786868376E+001
                        9                        1                        0                      123 -0.8624984171582704E+000  0.1230192586265876E+000 -0.2331127068012886E-003  0.1154989844849252E+001 -0.2188623245390126E-002  0.9999882820550740E+000  0.8506873584967533E+000  0.2152544002885408E-016  0.5620404049549545E+002  0.2179808151358501E+000  0.7566868996517608E-002  0.2334311446400544E+002  0.3220671346858154E+001
                       10                        1                        0                      122 -0.8032727075186533E+000  0.1240352067640450E+000 -0.3250175082262075E-003  0.1164528268302271E+001 -0.3051489056188687E-002  0.9999882820550740E+000  0.1233229971020141E+001  0.3225577238666518E-016  0.8016387054918441E+002  0.4180632440900803E+000  0.7692366258499689E-002  0.3373060947039885E+002  0.4831257934423165E+001
                       11                        1                        0                      119 -0.7678557772032516E+000  0.1273372374184645E+000 -0.3190808878225856E-003  0.1195530014824023E+001 -0.2995751959774206E-002  0.9999882820550740E+000  0.1313306900951345E+001  0.5096607303345342E-016  0.8100029812628047E+002  0.4026840908251566E+000  0.8107386016683192E-002  0.3545970920471273E+002  0.5679483990429746E+001
                       12                        1                        0                      116 -0.7540126252005888E+000  0.1305584320506389E+000 -0.2628350834105643E-003  0.1225772816885913E+001 -0.2467677464475454E-002  0.9999882820550740E+000  0.1203082003766214E+001  0.6286515826997299E-016  0.7057725514253205E+002  0.2882162978027295E+000  0.8522752089760664E-002  0.3204447397526364E+002  0.5682098486387775E+001
                       13                        1                        0                      115 -0.7318544587522764E+000  0.1317248314571721E+000 -0.2602715045285345E-003  0.1236723780861995E+001 -0.2443608813694507E-002  0.9999882820550740E+000  0.1256380389068845E+001 -0.1612927249807110E-016  0.7241836607412625E+002  0.2809929045565210E+000  0.8675715611210192E-002  0.3330534134480990E+002  0.6114898556105137E+001
                       14                        1                        0                      112 -0.7152023175556330E+000  0.1353253414517169E+000 -0.2176051328758891E-003  0.1270527857771614E+001 -0.2043027420784706E-002  0.9999882820550740E+000  0.1167261689398386E+001  0.4026823023151715E-017  0.6374420375985415E+002  0.2022277238515229E+000  0.9156474019511855E-002  0.3044754585505752E+002  0.6206867727976513E+001
                       15                        1                        0                      109 -0.6694358739159334E+000  0.1390528960044854E+000 -0.2079285956288416E-003  0.1305524716821444E+001 -0.1952177399589489E-002  0.9999882820550740E+000  0.1241951912552370E+001  0.7278705974140497E-017  0.6422288944195515E+002  0.1991048040428525E+000  0.9667853943617107E-002  0.3182818110950919E+002  0.7192917054679045E+001
                       16                        1                        0                      106 -0.6716307235562223E+000  0.1429955502867490E+000 -0.1680840869265144E-003  0.1342541080833100E+001 -0.1578089606848967E-002  0.9999882820550740E+000  0.1089592443216330E+001 -0.9872159950161241E-017  0.5328566667636344E+002  0.1273127180756168E+000  0.1022386370090508E-001  0.2737901780663406E+002  0.6847933348759195E+001
                       17                        1                        0                      105 -0.5736510413188712E+000  0.1441711633240220E+000 -0.2326778518941561E-003  0.1353578548744074E+001 -0.2184540526900939E-002  0.9999882820550740E+000  0.1571814611102951E+001 -0.6426274358596945E-016  0.7562744877841099E+002  0.2412459354809807E+000  0.1039266216710097E-001  0.3927342694653853E+002  0.1012335978089008E+002
                       18                        1                        0                      102 -0.5365535457777535E+000  0.1484289464212121E+000 -0.1985791336545186E-003  0.1393553559923035E+001 -0.1864398187166130E-002  0.9999882820550740E+000  0.1539389097838851E+001 -0.1274874594013736E-015  0.6987600416307848E+002  0.1864694102635210E+000  0.1101557606785554E-001  0.3757596350774518E+002  0.1073014227513188E+002
                       19                        1                        0                       99 -0.4868268860220972E+000  0.1527876017822064E+000 -0.1791864552076790E-003  0.1434475629648938E+001 -0.1682326315488586E-002  0.9999882820550740E+000  0.1593480619097949E+001 -0.1083203196560340E-015  0.6826475330399941E+002  0.1591720472453725E+000  0.1167202562917906E-001  0.3791665939015846E+002  0.1195918073367081E+002
                       20                        1                        0                       98 -0.4798662470673173E+000  0.1545276588460314E+000 -0.1549919438525934E-003  0.1450812488288905E+001 -0.1455171516896959E-002  0.9999882820550740E+000  0.1496254087478690E+001  0.1626942074713695E-015  0.6265955395263931E+002  0.1275932301796588E+000  0.1193939867421772E-001  0.3521764420224339E+002  0.1154055835495991E+002
                       21                        1                        0                       95 -0.4347666483692424E+000  0.1592304322290629E+000 -0.1332421533176118E-003  0.1494965375899096E+001 -0.1250969447432748E-002  0.9999882820550740E+000  0.1504445194368693E+001 -0.5337552971510792E-017  0.5933274538453554E+002  0.1027338475249755E+000  0.1267716527392709E-001  0.3434255773599568E+002  0.1243759192566939E+002
                       22                        1                        0                       92 -0.3564700543990799E+000  0.1647563064911436E+000 -0.1218241473056826E-003  0.1546846103582474E+001 -0.1143769313572116E-002  0.9999882820550740E+000  0.1680631925460641E+001 -0.3466106340067603E-016  0.6192110658272782E+002  0.8848182641360076E-001  0.1357232026430182E-001  0.3690720717428373E+002  0.1494157059793765E+002
                       23                        1                        0                       91 -0.3547997840309082E+000  0.1663942264679776E+000 -0.1168185329808203E-003  0.1562224028641032E+001 -0.1096773145842014E-002  0.9999882820550740E+000  0.1649742261254180E+001  0.1068522668000951E-017  0.5958745120726352E+002  0.8343468599458120E-001  0.1384351930093835E-001  0.3578528377256889E+002  0.1496001562582955E+002
                       24                        1                        0                       88 -0.2289701945011015E+000  0.1721330489465859E+000 -0.1111435691192020E-003  0.1616104061395128E+001 -0.1043492661930538E-002  0.9999882820550740E+000  0.2180454592979668E+001 -0.6923967585006520E-016  0.7359048679589800E+002  0.9623584584706521E-001  0.1481489326982386E-001  0.4520018988806817E+002  0.2106666917896957E+002
                       25                        1                        0                       85 -0.2336638238901061E+000  0.1785913240464997E+000 -0.7565803000343961E-004  0.1676738812725284E+001 -0.7103298890828040E-003  0.9999882820550740E+000  0.1780708878859172E+001  0.1335397954085237E-016  0.5583467102050636E+002  0.4597037353400828E-001  0.1594743051234090E-001  0.3490450250593449E+002  0.1827045222179227E+002
                       26                        1                        0                       84 -0.2952911222337141E+000  0.1797548520431689E+000 -0.6925285125385433E-004  0.1687662817920518E+001 -0.6501936429957516E-003  0.9999882820550740E+000  0.1455664895716656E+001  0.5108597880091874E-017  0.4504967671494260E+002  0.3619567977668942E-001  0.1615590341653083E-001  0.2822708740931586E+002  0.1508086979714562E+002
                       27                        1                        0                       81 -0.1854493283275473E+000  0.1868769480325954E+000 -0.4986207542061275E-004  0.1754529978669700E+001 -0.4681396343699677E-003  0.9999882820550740E+000  0.1690376604351539E+001 -0.4486614397172333E-016  0.4840567268224840E+002  0.2518569235909863E-001  0.1746149685298865E-001  0.3059225990305984E+002  0.1845424963130135E+002
                       28                        1                        0                       78 -0.1303479684833984E+000  0.1941671243525777E+000 -0.3452894228980731E-004  0.1822975193758326E+001 -0.3241815805374566E-003  0.9999882820550740E+000  0.1762868634392053E+001  0.3939920708327972E-016  0.4676126109487357E+002  0.1647695102589486E-001  0.1885043608967466E-001  0.2951359656288190E+002  0.2005951683487113E+002
                       29                        1                        0                       75 -0.8161859036071760E-001  0.2016344559757926E+000 -0.2124165362552950E-004  0.1893083665303535E+001 -0.1994313288764160E-003  0.9999882820550740E+000  0.1841977869876484E+001  0.7540995537044645E-016  0.4530912780538095E+002  0.8566375644190575E-002  0.2032822691832687E-001  0.2825805449163460E+002  0.2160860263467760E+002
                       30                        1                        0                       72 -0.6607384926156387E-001  0.2100606772877453E+000 -0.1461433609493946E-004  0.1972194856139913E+001 -0.1372094903457732E-003  0.9999882820550740E+000  0.1775483092277955E+001 -0.1829087438938437E-016  0.4023690661942114E+002  0.6498286583612755E-002  0.2206274407129314E-001  0.2444534684382267E+002  0.2127099544182657E+002
                       31                        1                        0                       71 -0.9467959640109975E-002  0.2124369423800430E+000 -0.2057116969795134E-005  0.1994504875570321E+001 -0.1931363622497836E-004  0.9999882820550740E+000  0.2053855999227082E+001  0.1697908347104764E-017  0.4551316423058957E+002  0.1136654396398875E-003  0.2256472724389084E-001  0.2738172076174444E+002  0.2468937342729341E+002
                       32                        1                        0                       68  0.6585439521149006E-002  0.2218786437326726E+000  0.2066731731074140E-005  0.2083150095043541E+001  0.1940390625067905E-004  0.9999882820550740E+000  0.1929157213656865E+001 -0.2386833178705082E-016  0.3918672043292909E+002 -0.5488925201620238E-004  0.2461506627232510E-001  0.2244168845433518E+002  0.2328856341008854E+002
                       33                        1                        0                       65 -0.3273740860932826E-001  0.2321249834856330E+000 -0.4620909139697673E-005  0.2179349816076380E+001 -0.4338428949992405E-004  0.9999882820550740E+000  0.1649429758842697E+001  0.4241795893968003E-016  0.3061168928949954E+002  0.1859626783828966E-002  0.2694100397910276E-001  0.1631448480152061E+002  0.1968584476046133E+002
                       34                        1                        0                       62 -0.9613110684319887E-001  0.2436085093691869E+000 -0.1000961870078894E-004  0.2287165095786591E+001 -0.9397722014661659E-004  0.9999882820550740E+000  0.1423290267542624E+001  0.1044207494449094E-015  0.2398452080970842E+002  0.1783951274799850E-002  0.2967255291853864E-001  0.1153116534481937E+002  0.1648103020035531E+002
                       35                        1                        0                       61  0.1077152713001532E-003  0.2476197866775639E+000  0.4044993322906708E-006  0.2324825740207418E+001  0.3797719367356483E-005  0.9999882820550740E+000  0.1737239087782582E+001  0.1447614262434950E-015  0.2833232911242887E+002  0.5608849520468784E-003  0.3065777937712107E-001  0.1306713225102632E+002  0.1982426895982957E+002
                       36                        1                        0                       58  0.9526548280471855E-001  0.2606296485644353E+000  0.1460984885696772E-004  0.2446971317493317E+001  0.1371673610536067E-003  0.9999882820550740E+000  0.2075220364279934E+001  0.9765993458115744E-016  0.3055022468793847E+002 -0.2910204408958933E-002  0.3396390685541058E-001  0.1206784680733414E+002  0.2232831493322757E+002
                       37                        1                        0                       55  0.5248286878057352E-001  0.2743411143315270E+000  0.5946565750261077E-005  0.2575704037034892E+001  0.5583047020408168E-004  0.9999882820550740E+000  0.1915140960605067E+001  0.6426718353223896E-016  0.2544648989329082E+002 -0.9782253186771770E-003  0.3763152350633185E-001  0.8236810978566375E+001  0.1905512196054474E+002
                       38                        1                        0                       54 -0.1561257614550186E+000  0.2791503290761410E+000 -0.9638255819430326E-005  0.2620856269731961E+001 -0.9049060868828307E-004  0.9999882820550740E+000  0.1349945679707314E+001 -0.4635016392974048E-016  0.1732525533391199E+002  0.8497583304403623E-003  0.3896245311165887E-001  0.5178463712088249E+001  0.1302680061131358E+002
                       39                        1                        0                       51 -0.2307092089450346E+000  0.2947636635149967E+000 -0.1115676184793427E-004  0.2767445047151369E+001 -0.1047473930474547E-003  0.9999882820550740E+000  0.1269799463844911E+001  0.2980819463529347E-016  0.1461420429809707E+002  0.1386392406186505E-002  0.4344280866439093E-001  0.3234954842852526E+001  0.1097842812357364E+002
                       40                        1                        0                       50 -0.2735957393589442E-003  0.3018022489272179E+000  0.1169454518168525E-006  0.2833528152869765E+001  0.1097964747615378E-005  0.9999882820550740E+000  0.1860986825770694E+001 -0.6438031238204579E-018  0.2043215235227057E+002 -0.2347852613641998E-004  0.4554229872876329E-001  0.3848880797656460E+001  0.1525061748704340E+002
                       41                        1                        0                       45 -0.4184307575141543E+000  0.3330914367786111E+000 -0.1234974027140725E-004  0.3127292679053710E+001 -0.1159478992089978E-003  0.9999882820550740E+000  0.1122043986547404E+001 -0.2363174158343193E-016  0.1011315042390873E+002  0.8082035286535422E-003  0.5547495262761972E-001  0.6001244447910127E+000  0.7093333697307780E+001
                       42                        1                        0                       42 -0.3292243566856977E+000  0.3560311630043941E+000 -0.8412884905949511E-005  0.3342666687401661E+001 -0.7898597943718376E-004  0.9999882820550740E+000  0.1325079792639862E+001 -0.2077936632787611E-016  0.1045419526132613E+002  0.4537143961654094E-003  0.6337909451513057E-001 -0.1644832225037501E+000  0.6822091930651262E+001
                       43                        1                        0                       41 -0.3243214608020347E+000  0.3631648669649764E+000 -0.8320641600580895E-005  0.3409642831808799E+001 -0.7811993551734945E-004  0.9999882820550740E+000  0.1399889872481296E+001  0.1506614542814695E-016  0.1061404051246512E+002  0.5679657002307812E-003  0.6594436029884441E-001 -0.3811298131389237E+000  0.6749185345247315E+001
                       44                        1                        0                       38 -0.4823312907578302E+000  0.3903703333133974E+000 -0.8510964893053626E-005  0.3665066557391415E+001 -0.7990682216012727E-004  0.9999882820550740E+000  0.1225873511314803E+001 -0.2302930677270182E-016  0.8042803516928151E+001  0.5816519911853633E-003  0.7619449856560655E-001 -0.8086927396101706E+000  0.4576351705039376E+001
                       45                        1                        0                       37 -0.6963523449871829E+000  0.4021651554286743E+000 -0.9265070605490089E-005  0.3775804501328300E+001 -0.8698688791187031E-004  0.9999882820550740E+000  0.8802399094183765E+000 -0.5856822601820684E-017  0.5442981864329705E+001  0.2083280216645266E-003  0.8086840612048478E-001 -0.6709340544435073E+000  0.2936144928870740E+001
                       46                        1                        0                       34 -0.7592481140355483E+000  0.4381814482860246E+000 -0.7897868178756510E-005  0.4113950357219239E+001 -0.7415064636432735E-004  0.9999882820550740E+000  0.8897550260164042E+000 -0.2496248312178233E-017  0.4632046435769759E+001  0.3440189185680536E-003  0.9600149081101862E-001 -0.8145327951167690E+000  0.2086069148023947E+001
                       47                        1                        0                       31 -0.8125992312779563E+000  0.4811737383154006E+000 -0.6417105468021461E-005  0.4517591697161530E+001 -0.6024822236483172E-004  0.9999882820550740E+000  0.9076261444097973E+000  0.2393493210712609E-017  0.3918242455820974E+001  0.2170592393672874E-003  0.1157640832222089E+000 -0.8388809322034423E+000  0.1379015160541764E+001
                       48                        1                        0                       28 -0.7954245255022223E+000  0.5314780330673237E+000 -0.4053157093648735E-005  0.4989883192325991E+001 -0.3805384079701515E-004  0.9999882820550740E+000  0.1021765420359391E+001  0.3484919581243784E-017  0.3614934145111626E+001  0.1399280531518123E-003  0.1412344498165559E+000 -0.8542780585819684E+000  0.9118586029843094E+000
                       49                        1                        0                       27 -0.8918058151281162E+000  0.5478341736400080E+000 -0.4791064556747546E-005  0.5143445947241622E+001 -0.4498182618590939E-004  0.9999882820550740E+000  0.7935366273876747E+000 -0.9734330677040140E-018  0.2642052660789769E+001  0.1076800327491545E-003  0.1500611409039153E+000 -0.6340894735104280E+000  0.5912680011318504E+000
                       50                        1                        0                       24 -0.9260657871081411E+000  0.6133627048481941E+000 -0.4029401856255745E-005  0.5758673098976260E+001 -0.3783081020605566E-004  0.9999882820550740E+000  0.6305057751922436E+000 -0.1085088191413996E-017  0.1674372529854669E+001  0.4621074301550309E-004  0.1881069038493466E+000 -0.4102313041950432E+000  0.2178453425836021E+000
                       51                        1                        0                       23 -0.9350081145601581E+000  0.6462381811205282E+000 -0.3826200410690020E-005  0.6067330797478450E+001 -0.3592301455920092E-004  0.9999882820550740E+000  0.5260724997403092E+000 -0.2699876508144048E-018  0.1258072469148028E+001  0.3177198120403371E-004  0.2088118933689851E+000 -0.3074162998718184E+000  0.1200347075607582E+000
                       52                        1                        0                       20 -0.8765192211362898E+000  0.7409272552995659E+000 -0.2940219164911365E-005  0.6956337285697764E+001 -0.2760481013311707E-004  0.9999882820550740E+000  0.4906020521324169E+000  0.5202758627195564E-020  0.8922162246382416E+000  0.9809753266490699E-005  0.2744865988228741E+000 -0.2204309189829507E+000  0.3757169838763732E-001
                       53                        1                        0                       17 -0.8477976525579186E+000  0.8616657595509767E+000 -0.2168815361550735E-005  0.8089913831756776E+001 -0.2036233794537575E-004  0.9999882820550740E+000  0.4996192597056627E+000 -0.1466583199251367E-018  0.6720470646748264E+000  0.1472335593482739E-005  0.3712339405912817E+000 -0.1975077070604876E+000  0.5155761245695639E-001
                       54                        1                        0                       14 -0.8659579188378965E+000  0.1032696250200712E+001 -0.1535826958302653E-005  0.9695666313647740E+001 -0.1441940522231290E-004  0.9999882820550740E+000  0.5785822669107278E+000  0.5009825246017907E-020  0.5419729760916254E+000  0.3938750164648599E-006  0.5332307725893067E+000 -0.2877026861137804E+000  0.1823742773989194E+000
                       55                        1                        0                       11 -0.8473254496601559E+000  0.1305977865487615E+001 -0.8592775027868724E-006  0.1226142304120581E+002 -0.8067491226221445E-005  0.9999882820550740E+000  0.9442740585183388E+000 -0.2650234442523806E-018  0.5525347728054498E+000  0.3763475856616767E-005  0.8527890925717918E+000 -0.9045675892122639E+000  0.7457670607147932E+000
                       56                        1                        0                       10 -0.7246403427028829E+000  0.1397882310987008E+001 -0.5542873386074070E-006  0.1312428551032948E+002 -0.5204032721115025E-005  0.9999882820550740E+000  0.1413672783038257E+001 -0.6667145971956256E-018  0.7222555998725091E+000  0.6481658055238976E-005  0.9770374776851887E+000 -0.1661076487575081E+001  0.1360668468054380E+001
                       57                        1                        0                        7 -0.4881211342592236E+000  0.1924609331638401E+001 -0.3359626681326301E-006  0.1806956291365613E+002 -0.3154249783925971E-005  0.9999882820550740E+000  0.2362296142546304E+001  0.7087056766621517E-017  0.6370557808457449E+000  0.1388999267432891E-004  0.1852060539714802E+001 -0.6681283832688405E+001  0.4738792776171194E+001
                       58                        1                        0                        6 -0.5629558090906384E+000  0.2271198218339903E+001 -0.3322424953489471E-006  0.2132357898355404E+002 -0.3119322230027432E-005  0.9999882820550740E+000  0.2495632828615474E+001  0.2888459807802964E-018  0.4834843143794863E+000  0.1029085936933374E-004  0.2579170673495184E+001 -0.1048049443775736E+002  0.6848375337492839E+001
                       59                        1                        0                        3 -0.4030902112161673E+000  0.3576340290380704E+001 -0.8592218292443235E-003  0.3357715501808593E+002 -0.8066968524516129E-002  0.9999882820550740E+000  0.2844673530121728E+003  0.6814033408074068E-015  0.2224176551932944E+002  0.1069061468098229E-001  0.6395104936300149E+001 -0.2898533607192832E+004  0.1722995906906357E+004
                       61                        2                        0                      240 -0.9893425123739701E+000  0.1087088979289689E+000 -0.6763927251676727E-003  0.1020634285675794E+001 -0.6350442503233636E-002  0.9999882820550740E+000  0.4139571587787454E+000 -0.7541397535605831E-017  0.3502595436409730E+002  0.4358828959955095E+000  0.5908812244465480E-002  0.1417728588981167E+002 -0.1929390755145645E+000
                       63                        2                        0                      227 -0.9823956071388065E+000  0.1150929208548259E+000 -0.6775850990798632E-003  0.1080571906264380E+001 -0.6361637333825351E-002  0.9999882820550740E+000  0.5218405988619564E+000  0.4275793072392824E-016  0.3939224091000315E+002  0.4638418372563091E+000  0.6623190215447592E-002  0.1765095469882208E+002 -0.2698158969490290E-001
                       64                        2                        0                      223 -0.9802395380412117E+000  0.1171310645950820E+000 -0.6479653374365182E-003  0.1099707408693998E+001 -0.6083546534979283E-002  0.9999882820550740E+000  0.5345335853105375E+000  0.3008874022427106E-016  0.3895885189313939E+002  0.4310501297334812E+000  0.6859843146588636E-002  0.1800865463081660E+002  0.4505878073888362E-001
                       65                        2                        0                      218 -0.9750330683763548E+000  0.1198841454565534E+000 -0.6857181947367954E-003  0.1125555235063202E+001 -0.6437996458370701E-002  0.9999882820550740E+000  0.6147238977985594E+000 -0.1971836661016947E-016  0.4276900723955062E+002  0.4892783382081265E+000  0.7186104165924032E-002  0.2060368157289264E+002  0.1704196426766296E+000
                       67                        2                        0                      207 -0.9641619479201117E+000  0.1264338246718277E+000 -0.6145482509328258E-003  0.1187048151417253E+001 -0.5769803825202684E-002  0.9999882820550740E+000  0.6742727807914025E+000 -0.4599852824854734E-016  0.4217872949405132E+002  0.4100387674518118E+000  0.7992756010573249E-002  0.2231969985807144E+002  0.5025210941229731E+000
                       68                        2                        0                      202 -0.9605806852079375E+000  0.1295793317332614E+000 -0.5449147012847015E-003  0.1216580346241197E+001 -0.5116035922499623E-002  0.9999882820550740E+000  0.6535382955968968E+000 -0.5817853988710654E-016  0.3892169330089814E+002  0.3273561036642688E+000  0.8395401606219282E-002  0.2150357150426552E+002  0.6388288710246345E+000
                       69                        2                        0                      195 -0.9472935754064017E+000  0.1341975744922759E+000 -0.5545108590586083E-003  0.1259939601915963E+001 -0.5206131285633588E-002  0.9999882820550740E+000  0.7513716381489967E+000 -0.1321097658784510E-017  0.4172135620691907E+002  0.3447938415755027E+000  0.9004494499804949E-002  0.2451222844553415E+002  0.1004175866619001E+001
                       71                        2                        0                      183 -0.9223180377325485E+000  0.1431943051045010E+000 -0.4876184561811500E-003  0.1344407128464027E+001 -0.4578099163805052E-002  0.9999882820550740E+000  0.8273883097020016E+000  0.9577006511696694E-016  0.4035134160038794E+002  0.2748178098503729E+000  0.1025230450718045E-001  0.2654018085664542E+002  0.1711589039048043E+001
                       72                        2                        0                      178 -0.9001210472594539E+000  0.1473019401172051E+000 -0.5100253604085089E-003  0.1382972445626449E+001 -0.4788470670884806E-002  0.9999882820550740E+000  0.9543514243356513E+000  0.2884348401234219E-016  0.4398361999702675E+002  0.3045836997397814E+000  0.1084893078114635E-001  0.3037941554888933E+002  0.2312300147340784E+001
                       73                        2                        0                      173 -0.8807906202666999E+000  0.1515573809420268E+000 -0.4931975936098361E-003  0.1422925465933172E+001 -0.4630479962918063E-002  0.9999882820550740E+000  0.1016469390862142E+001 -0.9021425656740987E-017  0.4425287783265778E+002  0.2880161689398245E+000  0.1148481985900331E-001  0.3209453186658660E+002  0.2844635210191098E+001
                       74                        2                        0                      168 -0.8707849880912021E+000  0.1560178190728292E+000 -0.4283217990335205E-003  0.1464803142665827E+001 -0.4021381153929011E-002  0.9999882820550740E+000  0.9721071183792690E+000  0.6449945216228739E-016  0.3993659995524644E+002  0.2192789246353449E+000  0.1217077993412107E-001  0.3042405024140891E+002  0.3112099408221261E+001
                       75                        2                        0                      161 -0.8151306756187600E+000  0.1629035629839012E+000 -0.4660990077557874E-003  0.1529451266710056E+001 -0.4376059705304533E-002  0.9999882820550740E+000  0.1220953915463042E+001 -0.8766379117882529E-018  0.4600898211550130E+002  0.2632818501726570E+000  0.1326878541642499E-001  0.3769424959431342E+002  0.4707445984204901E+001
                       76                        2                        0                      156 -0.7917518928101119E+000  0.1682317292364050E+000 -0.4106546261976706E-003  0.1579475774921329E+001 -0.3855509521792602E-002  0.9999882820550740E+000  0.1209394552973213E+001  0.4203542675004932E-016  0.4273262858305453E+002  0.2086213753696169E+000  0.1415095736093558E-001  0.3691825117249078E+002  0.5291931242170853E+001
                       77                        2                        0                      149 -0.7529825647868873E+000  0.1761966785209561E+000 -0.3500940296980456E-003  0.1654256225080923E+001 -0.3286924775501806E-002  0.9999882820550740E+000  0.1213063992151205E+001  0.4996644273422247E-016  0.3907493956106012E+002  0.1552797949817892E+000  0.1552263476090858E-001  0.3637678263840098E+002  0.6288720447754292E+001
                       78                        2                        0                      144 -0.6851040811760093E+000  0.1824033663240273E+000 -0.3636092269512210E-003  0.1712528900942649E+001 -0.3413814790551680E-002  0.9999882820550740E+000  0.1434953584830644E+001  0.4623594237332554E-016  0.4313026844074197E+002  0.1719546479955701E+000  0.1663549402316862E-001  0.4240357275148627E+002  0.8381786171163700E+001
                       79                        2                        0                      137 -0.6451710231696905E+000  0.1916866362468506E+000 -0.2793388864935641E-003  0.1799686656627075E+001 -0.2622626577119000E-002  0.9999882820550740E+000  0.1339622201500470E+001 -0.1105280325072589E-016  0.3645953132311810E+002  0.1062620703815102E+000  0.1837188325781619E-001  0.3863149241727217E+002  0.9174100036155323E+001
                       80                        2                        0                      132 -0.5648049865668821E+000  0.1988209890060250E+000 -0.2740861297262812E-003  0.1866668892403920E+001 -0.2573310065286569E-002  0.9999882820550740E+000  0.1541941270192622E+001  0.3155280041164866E-016  0.3900821540169704E+002  0.1075493738537233E+000  0.1976489283466698E-001  0.4355996461980147E+002  0.1179244669856550E+002
                       81                        2                        0                      127 -0.4714509169265856E+000  0.2067233455748762E+000 -0.2709891366976223E-003  0.1940861678877340E+001 -0.2544233353740716E-002  0.9999882820550740E+000  0.1815878828755125E+001  0.8139656446673596E-016  0.4249332950765996E+002  0.1114062412353532E+000  0.2136727080283475E-001  0.5001957433218399E+002  0.1552236904329283E+002
                       82                        2                        0                      122 -0.3946554636790954E+000  0.2153062472951815E+000 -0.2318595433919077E-003  0.2021443893702599E+001 -0.2176857680974192E-002  0.9999882820550740E+000  0.1932318410493769E+001 -0.2454936018775355E-018  0.4168493238885763E+002  0.8977850164692110E-001  0.2317839006216689E-001  0.5160223732661591E+002  0.1841462125887211E+002
                       83                        2                        0                      115 -0.3173647960406228E+000  0.2285856503309967E+000 -0.1584573466627304E-003  0.2146120109632192E+001 -0.1487707114157950E-002  0.9999882820550740E+000  0.1856378197596955E+001  0.8038138787746613E-016  0.3552900784221810E+002  0.4925752345415840E-001  0.2612569976862240E-001  0.4685684383385357E+002  0.2047727937841629E+002
                       84                        2                        0                      110 -0.2640370362969898E+000  0.2387728735513419E+000 -0.1251765913287431E-003  0.2241764803788789E+001 -0.1175244375650109E-002  0.9999882820550740E+000  0.1861422100774878E+001  0.5071357074353682E-016  0.3265048910754351E+002  0.3423493482249882E-001  0.2850624257198254E-001  0.4463773764505048E+002  0.2259890887108609E+002
                       85                        2                        0                      105 -0.1567865452495592E+000  0.2499675357775965E+000 -0.9137001254746733E-004  0.2346868031788955E+001 -0.8578448431103245E-003  0.9999882820550740E+000  0.2199356307514456E+001 -0.3855732755355392E-016  0.3520005305815138E+002  0.2573734915840849E-001  0.3124188447136196E-001  0.4938709726323351E+002  0.2920859984938457E+002
                       86                        2                        0                      100 -0.1144815634907964E+000  0.2627659487806013E+000 -0.5632007390214125E-004  0.2467028380775665E+001 -0.5287717886154920E-003  0.9999882820550740E+000  0.2077782984399708E+001 -0.1442428962273174E-016  0.3009379856403736E+002  0.1290811933759604E-001  0.3452297191928469E-001  0.4268786366787056E+002  0.2999236715465585E+002
                       87                        2                        0                       95 -0.8626890558050078E-001  0.2760315363725165E+000 -0.3402805556634882E-004  0.2591574887767123E+001 -0.3194789097079209E-003  0.9999882820550740E+000  0.1913928212728998E+001  0.2412531467644028E-016  0.2512020632511453E+002  0.6203537062808522E-002  0.3809670453608620E-001  0.3523554360960312E+002  0.2949856999728494E+002
                       88                        2                        0                       88  0.6877483418759324E-001  0.2980800805821825E+000  0.4233882738402494E-004  0.2798581863261692E+001  0.3975061808802470E-003  0.9999882820550740E+000  0.2650681907778746E+001  0.1888420550346808E-016  0.2983366299360432E+002 -0.8459822073080773E-002  0.4442586721994021E-001  0.3884404404396126E+002  0.4352374341862252E+002
                       89                        2                        0                       83  0.1256675018998738E+000  0.3167457171021988E+000  0.7606907793950024E-004  0.2973827762716387E+001  0.7141890912694905E-003  0.9999882820550740E+000  0.2842351641743221E+001  0.6929726613722490E-016  0.2833160093548532E+002 -0.1359466282214205E-001  0.5016392465129289E-001  0.3260680254361556E+002  0.4726608327769131E+002
                       90                        2                        0                       78  0.8050535264624270E-001  0.3362899106140115E+000  0.2689016920180875E-004  0.3157322162568294E+001  0.2524634980010750E-003  0.9999882820550740E+000  0.2209196814665459E+001  0.2342120061978327E-015  0.1953536795002437E+002 -0.3115420159904931E-002  0.5654545199038985E-001  0.1843316285831900E+002  0.3592857896056815E+002
                       91                        2                        0                       73  0.6140216069852878E-001  0.3579629658166821E+000  0.1485506782315813E-004  0.3360803787684605E+001  0.1394696462313613E-003  0.9999882820550740E+000  0.2041068329707368E+001  0.4597031879244531E-016  0.1592927787280962E+002 -0.1313024253256177E-002  0.6406874244813759E-001  0.1083754181203072E+002  0.3118491388222536E+002
                       92                        2                        0                       68  0.1280070920492508E+000  0.3841542107228431E+000  0.3126459280397929E-004  0.3606705301222403E+001  0.2935336108759375E-003  0.9999882820550740E+000  0.2419955079377240E+001 -0.2031865697656874E-016  0.1639873770816084E+002 -0.2653578791729898E-002  0.7378722880804529E-001  0.5802915329099218E+001  0.3287266183578920E+002
                       93                        2                        0                       63  0.1744350046965816E+000  0.4135679813086379E+000  0.4105227230615348E-004  0.3882862113615810E+001  0.3854271123964152E-003  0.9999882820550740E+000  0.2854875997060891E+001 -0.1772482815920951E-015  0.1669194227972148E+002 -0.3287841576454814E-002  0.8551923758185077E-001  0.2702932988580719E+000  0.3265617243266195E+002
                       94                        2                        0                       56 -0.9573159141842545E-003  0.4654262496026183E+000 -0.3316741698089773E-007  0.4369743386675850E+001 -0.3113986396967131E-006  0.9999882820550740E+000  0.2194972654362091E+001  0.1015157610989200E-015  0.1013300067682200E+002  0.2957672603298457E-004  0.1083107969095792E+000 -0.4526428074622208E+001  0.1741519374255595E+002
                       95                        2                        0                       51 -0.1876890312535461E+000  0.5101513130066327E+000 -0.9522297981524742E-005  0.4789653200948713E+001 -0.8940191634281743E-004  0.9999882820550740E+000  0.1934899981914443E+001  0.7244655304638837E-016  0.7434752827730029E+001  0.3083279000892827E-003  0.1301271810811960E+000 -0.5291701507056478E+001  0.1080606212969734E+002
                       96                        2                        0                       48 -0.4154514157367722E+000  0.5406222526867484E+000 -0.1457991627131987E-004  0.5075735447634773E+001 -0.1368863332467470E-003  0.9999882820550740E+000  0.1604526121643262E+001 -0.1639340703303838E-017  0.5489839575960714E+001  0.3252684703604102E-003  0.1461362100500473E+000 -0.4596221099816281E+001  0.6976593835011870E+001
                       97                        2                        0                       43 -0.4974789518377843E+000  0.5983185880407068E+000 -0.1221044886121720E-004  0.5617428530187918E+001 -0.1146401351561143E-003  0.9999882820550740E+000  0.1675611561639559E+001 -0.7591605641393076E-017  0.4680495748404602E+001  0.2278585661602403E-003  0.1789925663975124E+000 -0.4635603557109644E+001  0.4445560995346830E+001
                       98                        2                        0                       36 -0.4647270787286717E+000  0.7157765568547755E+000 -0.6628368823883890E-005  0.6720205141683033E+001 -0.6223170879885859E-004  0.9999882820550740E+000  0.2285218355038207E+001 -0.2710480438219832E-016  0.4459486667944641E+001  0.1353379590265564E-003  0.2561680396714390E+000 -0.5002112279308931E+001  0.1979005912832842E+001
                       99                        2                        0                       31 -0.7841451124101732E+000  0.8306917825706043E+000 -0.6127092686521191E-005  0.7799108723139476E+001 -0.5752538188238305E-004  0.9999882820550740E+000  0.1760036937283221E+001 -0.5928037445121709E-017  0.2549399929215244E+001  0.6786918391809333E-004  0.3450244188151655E+000 -0.3007912453031536E+001  0.3554230855843420E+000
                      100                        2                        0                       26 -0.9498634790230489E+000  0.9858102237082611E+000 -0.5013450292576244E-005  0.9255467883997879E+001 -0.4706973721210998E-004  0.9999882820550740E+000  0.1080616995613158E+001 -0.3007407191758297E-018  0.1110904060962209E+001  0.2035238624891150E-004  0.4859108985838632E+000 -0.1469065482148657E+001 -0.3570384762300922E-002
                      101                        2                        0                       19 -0.8852355534662935E+000  0.1323098578764521E+001 -0.1996635520288182E-005  0.1242216413322804E+002 -0.1874579456537017E-004  0.9999882820550740E+000  0.1565448407855434E+001 -0.1498391337174584E-018  0.8924284506142177E+000  0.8868443781710592E-005  0.8752949245643518E+000 -0.2246071472981523E+001  0.6353270964945987E+000
                      102                        2                        0                       14 -0.9071915499750287E+000  0.1772090391169441E+001 -0.1503081430140869E-005  0.1663760966214511E+002 -0.1411196756650743E-004  0.9999882820550740E+000  0.1763036074891398E+001 -0.2492749295643588E-018  0.5598170156392079E+000  0.2074909061026452E-004  0.1570152177237528E+001 -0.4375384704227169E+001  0.2355926775289428E+001
                      103                        2                        0                        9 -0.4211058314863568E+000  0.2649056754110984E+001 -0.9245903990839885E-006  0.2487117613604480E+002 -0.8680693848339652E-005  0.9999882820550740E+000  0.7617794537145121E+001  0.3906028897066655E-016  0.1083577655865668E+001  0.8335331632848286E-004  0.3508750843250517E+001 -0.4520635325287108E+002  0.2584292147000086E+002
                      104                        2                        0                        6 -0.3858552277712799E+000  0.3508760827975593E+001 -0.3707384899467702E-003  0.3294267230643833E+002 -0.3480749240108990E-002  0.9999882820550740E+000  0.1945308812802080E+003 -0.2018914270905790E-014  0.1579845285914621E+002  0.3596904944031694E-002  0.6155701273967985E+001 -0.1933879988963378E+004  0.1114039260735796E+004
                      106                        3                        0                      340 -0.9948629621877747E+000  0.1082815933782141E+000 -0.1057077450660396E-002  0.1016622455151942E+001 -0.9924573878614019E-002  0.9999882820550740E+000  0.1720177937369946E+000  0.7571366886794300E-018  0.1466746811520095E+002  0.2864036589541493E+000  0.5862451732262453E-002  0.6365125813005887E+001 -0.3505574334240810E+000
                      107                        3                        0                      335 -0.9941591327378841E+000  0.1099957146681843E+000 -0.1059415287328654E-002  0.1032715810817212E+001 -0.9946523105433454E-002  0.9999882820550740E+000  0.1890847143996703E+000 -0.2500197776607301E-017  0.1562425262275012E+002  0.3009954059896442E+000  0.6049528622682301E-002  0.6977916666126617E+001 -0.3693962490294301E+000
                      108                        3                        0                      327 -0.9930683071861240E+000  0.1127510996374074E+000 -0.1042046758043687E-002  0.1058585269742850E+001 -0.9783455345409024E-002  0.9999882820550740E+000  0.2127904306648519E+000 -0.2546195853499389E-018  0.1673456620319423E+002  0.3093483560975224E+000  0.6356405234722278E-002  0.7818982183820657E+001 -0.3863406288852522E+000
                      109                        3                        0                      320 -0.9918928253314272E+000  0.1152445506875921E+000 -0.1035257429377219E-002  0.1081995511958125E+001 -0.9719712434334287E-002  0.9999882820550740E+000  0.2375050908919677E+000 -0.7413487656943440E-017  0.1787895821467194E+002  0.3212439666311760E+000  0.6640653231592467E-002  0.8693538285329897E+001 -0.4005492996216830E+000
                      110                        3                        0                      314 -0.9905840913899773E+000  0.1172129131866729E+000 -0.1088605663903874E-002  0.1100475859854882E+001 -0.1022058254042032E-001  0.9999882820550740E+000  0.2704130378144616E+000  0.1016264191791065E-016  0.1967793617312581E+002  0.3655458900316971E+000  0.6869433508853256E-002  0.9869066503741102E+001 -0.4269702439952504E+000
                      111                        3                        0                      308 -0.9891600800741226E+000  0.1196656411103328E+000 -0.1073102977817953E-002  0.1123503765205900E+001 -0.1007503260623094E-001  0.9999882820550740E+000  0.2961962805743690E+000  0.2332060866032678E-017  0.2068002720658541E+002  0.3709263563240650E+000  0.7159932831173508E-002  0.1076958358500739E+002 -0.4285395889591559E+000
                      112                        3                        0                      305 -0.9888519719769679E+000  0.1209545547863634E+000 -0.9821947660884186E-003  0.1135604977839780E+001 -0.9221523468448473E-002  0.9999882820550740E+000  0.2894078707740242E+000 -0.1360965803286323E-016  0.1977858382059085E+002  0.3212394676763557E+000  0.7315002161783673E-002  0.1050082610957720E+002 -0.3995895657892526E+000
                      113                        3                        0                      300 -0.9874354737628800E+000  0.1229662616717149E+000 -0.9757217382099540E-003  0.1154492272799402E+001 -0.9160750207834490E-002  0.9999882820550740E+000  0.3124554157658332E+000 -0.2820663211254102E-017  0.2066090326745089E+002  0.3279037046284332E+000  0.7560350754758342E-002  0.1130270381516832E+002 -0.3963590405921329E+000
                      114                        3                        0                      293 -0.9856234949775606E+000  0.1260158901619434E+000 -0.9181113188296469E-003  0.1183124293314729E+001 -0.8619863763836846E-002  0.9999882820550740E+000  0.3319784748389796E+000 -0.1423546722817054E-016  0.2090284321309043E+002  0.3045986925592650E+000  0.7940002286653463E-002  0.1195328221517787E+002 -0.3643488907932545E+000
                      115                        3                        0                      289 -0.9837386947563949E+000  0.1277430085520318E+000 -0.9398573504095619E-003  0.1199339674740979E+001 -0.8824030541632277E-002  0.9999882820550740E+000  0.3629636789607867E+000  0.9827238310432729E-017  0.2223993836512933E+002  0.3272739668835294E+000  0.8159138116962221E-002  0.1303598602764968E+002 -0.3614818451942263E+000
                      116                        3                        0                      284 -0.9815122473369683E+000  0.1300665838296288E+000 -0.9361254068014491E-003  0.1221155005765801E+001 -0.8788992475096662E-002  0.9999882820550740E+000  0.3929180865994364E+000  0.6305925244054261E-017  0.2322299774805996E+002  0.3343017475346251E+000  0.8458658114554917E-002  0.1406350780144033E+002 -0.3375186993988741E+000
                      117                        3                        0                      275 -0.9767787547759789E+000  0.1343967096233564E+000 -0.9160289968682963E-003  0.1261809220191332E+001 -0.8600313485726596E-002  0.9999882820550740E+000  0.4473998955799485E+000  0.3384480372976915E-017  0.2476699379714168E+002  0.3376320205225553E+000  0.9031237778792382E-002  0.1591217499453622E+002 -0.2678114942719607E+000
                      118                        3                        0                      269 -0.9729913084753541E+000  0.1374466528053633E+000 -0.8966025690869090E-003  0.1290444195250626E+001 -0.8417924751964951E-002  0.9999882820550740E+000  0.4848497631889788E+000 -0.2415070608363693E-017  0.2566248006094007E+002  0.3348208831798479E+000  0.9445791183699004E-002  0.1716776298478204E+002 -0.1992352945566719E+000
                      119                        3                        0                      263 -0.9702247518128300E+000  0.1405564290716150E+000 -0.8182963420252908E-003  0.1319640924668225E+001 -0.7682731758165836E-002  0.9999882820550740E+000  0.4907717512186092E+000  0.2599598834319384E-016  0.2483986216022032E+002  0.2892367056589086E+000  0.9878054876681988E-002  0.1729778503288937E+002 -0.1073565681747692E+000
                      120                        3                        0                      259 -0.9682820599257226E+000  0.1428315400791567E+000 -0.7757236547129592E-003  0.1341001239621769E+001 -0.7283029938608141E-002  0.9999882820550740E+000  0.4967046059033464E+000  0.3136211820103560E-016  0.2434595041502240E+002  0.2644551889507757E+000  0.1020042442069185E-001  0.1744892477857044E+002 -0.3725913513270762E-001
                      121                        3                        0                      252 -0.9596724067117531E+000  0.1468004589388056E+000 -0.8092299340311673E-003  0.1378264193642973E+001 -0.7597610052187600E-002  0.9999882820550740E+000  0.5823717422763598E+000  0.4744267524377969E-017  0.2702222406524193E+002  0.2979260655435558E+000  0.1077518737232196E-001  0.2034517954426248E+002  0.1082187386411362E+000
                      122                        3                        0                      249 -0.9559901820420525E+000  0.1486084862722804E+000 -0.8084178709080653E-003  0.1395239204163170E+001 -0.7589985842197795E-002  0.9999882820550740E+000  0.6117707463358477E+000 -0.1304704934790361E-016  0.2769989630152792E+002  0.3013790003869484E+000  0.1104224109606927E-001  0.2131800009732983E+002  0.1870904793664467E+000
                      123                        3                        0                      244 -0.9496933760970133E+000  0.1517920625455528E+000 -0.7895440560319370E-003  0.1425128819065613E+001 -0.7412785420419431E-002  0.9999882820550740E+000  0.6519196052292300E+000  0.4350575439891202E-016  0.2829279686321449E+002  0.2943368726402966E+000  0.1152041512591655E-001  0.2261534985299280E+002  0.3385111298143378E+000
                      125                        3                        0                      228 -0.9312524981481202E+000  0.1625101887332185E+000 -0.6596946124335932E-003  0.1525757997299753E+001 -0.6193669077256886E-002  0.9999882820550740E+000  0.7092143652873508E+000  0.2737291640860724E-017  0.2685406767036413E+002  0.2180264324498061E+000  0.1320478072105312E-001  0.2423419285316267E+002  0.8957441133276615E+000
                      126                        3                        0                      223 -0.9174525123097873E+000  0.1661531384575358E+000 -0.6830175820975320E-003  0.1559960527731630E+001 -0.6412641239943571E-002  0.9999882820550740E+000  0.7987603995766692E+000 -0.2693354502902392E-016  0.2893294389762607E+002  0.2378771908547751E+000  0.1380343270964450E-001  0.2715893132039791E+002  0.1221339566699927E+001
                      127                        3                        0                      212 -0.8891112205529954E+000  0.1749444435698209E+000 -0.6528341331721813E-003  0.1642499377672855E+001 -0.6129258155209458E-002  0.9999882820550740E+000  0.9208555302776221E+000  0.9532411500560865E-016  0.3008764963257616E+002  0.2245568846918551E+000  0.1530277916797714E-001  0.3093201532823831E+002  0.2015315575091496E+001
                      128                        3                        0                      208 -0.8769742245449718E+000  0.1783743527666521E+000 -0.6223854991244656E-003  0.1674701736354919E+001 -0.5843385329220551E-002  0.9999882820550740E+000  0.9523830469311929E+000 -0.1006950896622918E-017  0.2993272011851852E+002  0.2088852980884579E+000  0.1590870486246098E-001  0.3183764553974757E+002  0.2336575879950213E+001
                      129                        3                        0                      201 -0.8495094934768348E+000  0.1845303109680063E+000 -0.6280534329852417E-003  0.1732498127645673E+001 -0.5896599810624186E-002  0.9999882820550740E+000  0.1073431397015418E+001 -0.1214015333941499E-016  0.3152383055784941E+002  0.2145864601030439E+000  0.1702571783297447E-001  0.3557876429257332E+002  0.3159941088651421E+001
                      130                        3                        0                      194 -0.8318302357096364E+000  0.1912221204497591E+000 -0.5469107287570111E-003  0.1795325461197982E+001 -0.5134776008290218E-002  0.9999882820550740E+000  0.1065351728082873E+001  0.1629083042482588E-016  0.2913542162123980E+002  0.1666604775376001E+000  0.1828294967465112E-001  0.3497163523636254E+002  0.3719045822303665E+001
                      131                        3                        0                      189 -0.8126037932094374E+000  0.1963254841673009E+000 -0.5283098823176008E-003  0.1843239367802024E+001 -0.4960138402902503E-002  0.9999882820550740E+000  0.1114380155071711E+001  0.3285315914852371E-016  0.2891250959239498E+002  0.1556074700149486E+000  0.1927184786676241E-001  0.3631113210148190E+002  0.4371849299980707E+001
                      132                        3                        0                      180 -0.7694187719787798E+000  0.2063218433125625E+000 -0.4781232562292882E-003  0.1937092098074842E+001 -0.4488951662497942E-002  0.9999882820550740E+000  0.1198378641578288E+001 -0.2853357458087751E-016  0.2815216850519737E+002  0.1304782540935153E+000  0.2128435151394669E-001  0.3846409894031690E+002  0.5754678997581498E+001
                      133                        3                        0                      179 -0.7456291153363169E+000  0.2075074846505957E+000 -0.5101405428988041E-003  0.1948223718606050E+001 -0.4789552083730897E-002  0.9999882820550740E+000  0.1319910832231728E+001  0.1556208474864541E-015  0.3065380531012879E+002  0.1507205327123858E+000  0.2152967809300862E-001  0.4229136205304579E+002  0.6482209521373943E+001
                      134                        3                        0                      170 -0.6717915795114844E+000  0.2184278739604579E+000 -0.4912786007682349E-003  0.2050751882858580E+001 -0.4612463131495631E-002  0.9999882820550740E+000  0.1533528509524013E+001 -0.1265210688855136E-015  0.3214284776530220E+002  0.1445891635663545E+000  0.2385536806144287E-001  0.4827807507596786E+002  0.9092345523900150E+001
                      135                        3                        0                      163 -0.6507527869277445E+000  0.2278141200272231E+000 -0.3961824544894895E-003  0.2138876449771123E+001 -0.3719634768989862E-002  0.9999882820550740E+000  0.1428071734961839E+001  0.1229628859181167E-016  0.2751693184487591E+002  0.9570753756190829E-001  0.2594963664188898E-001  0.4421352929294625E+002  0.9768893904726953E+001
                      136                        3                        0                      158 -0.5829324289469811E+000  0.2351459787913012E+000 -0.3992343800045571E-003  0.2207713008460552E+001 -0.3748288355562344E-002  0.9999882820550740E+000  0.1642545912347678E+001  0.3368952987343639E-017  0.2970666160504103E+002  0.1008733873192903E+000  0.2764681567085954E-001  0.5015274824524604E+002  0.1245374148094478E+002
                      137                        3                        0                      149 -0.5295288954269906E+000  0.2494259335251102E+000 -0.3058281271354488E-003  0.2341783095425714E+001 -0.2871325880632219E-002  0.9999882820550740E+000  0.1574583170215406E+001  0.1786752368986805E-015  0.2531020315334627E+002  0.6206771944484260E-001  0.3110664815743634E-001  0.4661791011969947E+002  0.1429099833823014E+002
                      138                        3                        0                      146 -0.4994055400979778E+000  0.2546590286298109E+000 -0.2857810342644903E-003  0.2390915009977452E+001 -0.2683109913935581E-002  0.9999882820550740E+000  0.1606747450424441E+001 -0.3953324273182951E-017  0.2477667470780030E+002  0.5560994822045293E-001  0.3242561043133967E-001  0.4697303765253663E+002  0.1548947208093330E+002
                      139                        3                        0                      141 -0.4521209145474789E+000  0.2635236417039759E+000 -0.2556776960563936E-003  0.2474142125743582E+001 -0.2400478963996660E-002  0.9999882820550740E+000  0.1653040796339853E+001  0.6078566060486045E-016  0.2380446222377208E+002  0.4619213908115053E-001  0.3472235486846266E-001  0.4720832735879957E+002  0.1754035529490807E+002
                      140                        3                        0                      132 -0.3250867499589162E+000  0.2813045715922098E+000 -0.1940386062311318E-003  0.2641081787729548E+001 -0.1821768576787891E-002  0.9999882820550740E+000  0.1847118043332432E+001  0.1607040051964721E-016  0.2334294490751482E+002  0.3220381738069704E-001  0.3956613099933855E-001  0.4986716623504621E+002  0.2324865403983841E+002
                      141                        3                        0                      127 -0.2319289949360093E+000  0.2924026661853145E+000 -0.1642187932175520E-003  0.2745278372031204E+001 -0.1541799557379864E-002  0.9999882820550740E+000  0.2123499181716313E+001  0.1689880799006282E-016  0.2483729084281611E+002  0.2789911340709772E-001  0.4274965959614023E-001  0.5493136588320078E+002  0.2933112461634916E+002
                      142                        3                        0                      120 -0.2275789615596576E+000  0.3096564309822659E+000 -0.1137523806389753E-003  0.2907268643703913E+001 -0.1067985987984551E-002  0.9999882820550740E+000  0.1768837994319193E+001  0.4802981466029609E-016  0.1844772689578644E+002  0.1355458611649305E-001  0.4794355262433722E-001  0.4219439469864471E+002  0.2767290544521819E+002
                      143                        3                        0                      117 -0.1219124004615457E+000  0.3178900933734684E+000 -0.7987450699455868E-004  0.2984571958273726E+001 -0.7499170899825055E-003  0.9999882820550740E+000  0.2153524242168800E+001 -0.1115844013917688E-015  0.2131134575588231E+002  0.1071111696792499E-001  0.5052705573249606E-001  0.4905608378943548E+002  0.3545026630731736E+002
                      144                        3                        0                      106 -0.8985041321357493E-001  0.3507575768997179E+000 -0.4054530888817045E-004  0.3293154615350182E+001 -0.3806673893577826E-003  0.9999882820550740E+000  0.1831806921580642E+001  0.6336964600179236E-016  0.1488951930612856E+002  0.3445646552854407E-002  0.6151543887628074E-001  0.3268189017388697E+002  0.3500603318552920E+002
                      145                        3                        0                      103 -0.4214291853014011E-001  0.3603216045662915E+000 -0.2026631032076664E-004  0.3382948318824529E+001 -0.1902741316633989E-003  0.9999882820550740E+000  0.1957642430744024E+001 -0.1466106750207296E-017  0.1507883718127869E+002  0.1700636647209558E-002  0.6491582935861351E-001  0.3181184645953522E+002  0.3842488035882200E+002
                      146                        3                        0                       94  0.1086228179645464E+000  0.3951430158887290E+000  0.7672933767739949E-004  0.3709875800828081E+001  0.7203880661352977E-003  0.9999882820550740E+000  0.2703420325734044E+001 -0.2071724991457102E-015  0.1731489539924854E+002 -0.6715855741802454E-002  0.7806900150282010E-001  0.2778748578202766E+002  0.5493256851671029E+002
                      147                        3                        0                       87 -0.9475275115134212E-001  0.4267143762870284E+000 -0.2244272750973323E-004  0.4006289557952047E+001 -0.2107078408197999E-003  0.9999882820550740E+000  0.1544134799811598E+001 -0.3233592428634830E-016  0.8480579669757477E+001  0.8966714284368480E-003  0.9104257946501380E-001  0.8097192946533719E+001  0.2994487045139907E+002
                      148                        3                        0                       80  0.1683313671400345E+000  0.4641015595572516E+000  0.8095210027960448E-004  0.4357306280753960E+001  0.7600342806972010E-003  0.9999882820550740E+000  0.2874374764219925E+001 -0.1940674296007194E-015  0.1334541539430840E+002 -0.4648559982452259E-002  0.1076951287917363E+000  0.1574075695346755E+001  0.4852428826951889E+002
                      149                        3                        0                       75  0.1543309836480726E+000  0.4932300785864512E+000  0.5523006653979499E-004  0.4630784954335825E+001  0.5185380459610816E-003  0.9999882820550740E+000  0.2798785398664227E+001  0.5229357938398859E-016  0.1150496094170782E+002 -0.2569849573381566E-002  0.1216379552111986E+000 -0.5590745224005608E+001  0.4049390225542443E+002
                      150                        3                        0                       66  0.1712432083060083E+000  0.5585076966520658E+000  0.4428504723856375E-004  0.5243656360028382E+001  0.4157786383225364E-003  0.9999882820550740E+000  0.3284474853063033E+001  0.1161397574308741E-016  0.1052983379844250E+002 -0.1659798601584352E-002  0.1559654236097974E+000 -0.1578798699204457E+002  0.3054553697439424E+002
                      151                        3                        0                       61  0.1182950909054139E+000  0.6052466911481196E+000  0.1950290764013634E-004  0.5682474351650875E+001  0.1831067795471334E-003  0.9999882820550740E+000  0.3238397647674996E+001  0.1485540419632633E-016  0.8840527408411514E+001 -0.5582462311560392E-003  0.1831617785728742E+000 -0.1720449411137531E+002  0.2084716780971601E+002
                      152                        3                        0                       54 -0.1382621541396917E+000  0.6826294280649509E+000 -0.8723152840208730E-005  0.6408996981549612E+001 -0.8189898929639212E-004  0.9999882820550740E+000  0.2555520535980155E+001 -0.8351313525175055E-016  0.5484271976211789E+001  0.1507272691030892E-003  0.2329914680301413E+000 -0.1286565350194297E+002  0.8319642869415052E+001
                      153                        3                        0                       45 -0.3463309951411713E+000  0.8127389844319213E+000 -0.1136236728172586E-004  0.7630555443203469E+001 -0.1066777589976832E-003  0.9999882820550740E+000  0.2814664832944528E+001  0.3643561318965404E-016  0.4261090534802902E+001  0.1320815799838574E-003  0.3302723284077158E+000 -0.1095488019070785E+002  0.1925743066971052E+001
                      154                        3                        0                       38 -0.6701214007776081E+000  0.9513046425269140E+000 -0.1073521573022641E-004  0.8931505633696496E+001 -0.1007896266739303E-003  0.9999882820550740E+000  0.2331464924720406E+001 -0.6895676974354536E-017  0.2576058599462962E+001  0.6711486827529233E-004  0.4524902614466291E+000 -0.6858325591153985E+001 -0.6190822990497558E+000
                      155                        3                        0                       31 -0.7552932883102630E+000  0.1167426015182917E+001 -0.5722172704307844E-005  0.1096060248779357E+002 -0.5372371316275154E-004  0.9999882820550740E+000  0.2868092071950510E+001  0.2209816547448284E-017  0.2103899277240505E+001  0.2557639346299588E-004  0.6814417504629320E+000 -0.6380379460936672E+001 -0.1280491069389508E+001
                      156                        3                        0                       26 -0.9524440970439194E+000  0.1386969416254703E+001 -0.4843325766112321E-005  0.1302182771035216E+002 -0.4547249054830061E-004  0.9999882820550740E+000  0.1779650892015560E+001 -0.2932916463523449E-018  0.9247031141919670E+000  0.7937542455738440E-005  0.9618420808129544E+000 -0.3785629788106369E+001 -0.1878636500538828E+000
                      157                        3                        0                       19 -0.9229896000175846E+000  0.1843171486078435E+001 -0.2303285181505822E-005  0.1730496812046467E+002 -0.2162483357590352E-004  0.9999882820550740E+000  0.2469387429987422E+001  0.1466471363994741E-017  0.7263211138867472E+000  0.7655427732594166E-005  0.1698640563546295E+001 -0.7358339477270158E+001  0.2401408677794219E+001
                      158                        3                        2                        6 -0.8184579592617065E+000  0.5285482366242768E+001 -0.1139661748184487E-001  0.4962376237911105E+002 -0.1069993235540230E+000  0.9999882820550740E+000  0.8664145574347777E+003 -0.1117877194916693E-013  0.3101419131769033E+002  0.1338196220919884E+000  0.1396816192193163E+002 -0.1341375621739949E+005  0.9954758153009374E+004
