                                                                                                                                                                                                                                                                



                        1                        2                        3                        4                        5                        6                        7                        8                        9                       10                       11
                        j                        l                     n_pg                      n_p                      n_g                      eta                Re(omega)                Im(omega)                 Re(freq)                 Im(freq)                        H
                        2                        1                      -66                        0                       66 -0.9999994538185353E+000  0.2714949319013172E-001 -0.5322338615678651E-003  0.1046867147449728E+001 -0.2052259836062896E-001  0.3685474902405058E-003
                        3                        1                      -64                        0                       64 -0.9999997876874920E+000  0.2801171867213234E-001 -0.6151723698202763E-003  0.1080114012298334E+001 -0.2372065435894486E-001  0.3923281914833429E-003
                        4                        1                      -62                        0                       62 -0.9999997668731762E+000  0.2902627083574778E-001 -0.6157228190416977E-003  0.1119234496869630E+001 -0.2374187932996770E-001  0.4212621993150895E-003
                        5                        1                      -60                        0                       60 -0.9999997565810537E+000  0.3006690066514576E-001 -0.6157087357467975E-003  0.1159360519606913E+001 -0.2374133628709557E-001  0.4520092578038703E-003
                        6                        1                      -57                        0                       57 -0.9999998355520744E+000  0.3127923020494256E-001 -0.6541664253730622E-003  0.1206107173704951E+001 -0.2522424027924774E-001  0.4891951211068941E-003
                        7                        1                      -55                        0                       55 -0.9999998013412584E+000  0.3262665882529598E-001 -0.6692815021033916E-003  0.1258063162212841E+001 -0.2580706800090537E-001  0.5322494330511328E-003
                        8                        1                      -53                        0                       53 -0.9999996702323400E+000  0.3404491520161820E-001 -0.6868925826347286E-003  0.1312750223832558E+001 -0.2648614003772886E-001  0.5795281255426867E-003
                        9                        1                      -51                        0                       51 -0.9999995859405072E+000  0.3551274384086470E-001 -0.7554606404257628E-003  0.1369348760304374E+001 -0.2913008062855946E-001  0.6305774875534368E-003
                       10                        1                      -49                        0                       49 -0.9999990774551617E+000  0.3707923647695607E-001 -0.7968497900374659E-003  0.1429751717588382E+001 -0.3072601984871119E-001  0.6874348888570130E-003
                       11                        1                      -50                        0                       50 -0.9999994999621852E+000  0.3628030820813347E-001 -0.7949460676483069E-003  0.1398945552922911E+001 -0.3065261352715969E-001  0.6581303818385763E-003
                       12                        1                      -46                        0                       46 -0.9999970847284795E+000  0.3911323536907971E-001 -0.7446400780687419E-003  0.1508181418032563E+001 -0.2871284664304205E-001  0.7649225905185151E-003
                       13                        1                      -44                        0                       44 -0.9999994541504338E+000  0.4107002237172539E-001 -0.8640316960349224E-003  0.1583633877247197E+001 -0.3331651131016347E-001  0.8433733688070126E-003
                       14                        1                      -42                        0                       42 -0.9999998325082655E+000  0.4317460272609566E-001 -0.9892659136608334E-003  0.1664785153874311E+001 -0.3814546289504202E-001  0.9320231602780915E-003
                       15                        1                      -40                        0                       40 -0.9999999447828274E+000  0.4539662207722101E-001 -0.1157698193881353E-002  0.1750464803339599E+001 -0.4464010423136719E-001  0.1030426648011016E-002
                       16                        1                      -38                        0                       38 -0.9999999665109052E+000  0.4790667397495275E-001 -0.1265078136051768E-002  0.1847250804158366E+001 -0.4878060633820280E-001  0.1147524705671207E-002
                       17                        1                      -36                        0                       36 -0.9999999543370826E+000  0.5064279071750753E-001 -0.1254988052456211E-002  0.1952753721259187E+001 -0.4839153914798913E-001  0.1282346125828631E-002
                       18                        1                      -35                        0                       35 -0.9999999196274226E+000  0.5218943938054803E-001 -0.1169223592801017E-002  0.2012391507594464E+001 -0.4508451626535073E-001  0.1361868791427948E-002
                       19                        1                      -34                        0                       34 -0.9999998717466407E+000  0.5387010445189093E-001 -0.1103749988306216E-002  0.2077196881187760E+001 -0.4255989582066275E-001  0.1450994076828820E-002
                       20                        1                      -31                        0                       31 -0.9999998205572500E+000  0.5963894135704839E-001 -0.1178573195180520E-002  0.2299639554158173E+001 -0.4544503097198907E-001  0.1778401663094732E-002
                       21                        1                      -30                        0                       30 -0.9999998299034749E+000  0.6178347089003757E-001 -0.1272577447665333E-002  0.2382331245642053E+001 -0.4906977501261410E-001  0.1908598637610060E-002
                       22                        1                      -27                        0                       27 -0.9999994406180651E+000  0.6917586257156154E-001 -0.1242983630987561E-002  0.2667377155643828E+001 -0.4792865630993164E-001  0.2392649981259786E-002
                       23                        1                      -26                        0                       26 -0.9999990134250637E+000  0.7208856972037901E-001 -0.1232308880604792E-002  0.2779689286219706E+001 -0.4751704474117468E-001  0.2598380942164974E-002
                       24                        1                      -25                        0                       25 -0.9999983019309873E+000  0.7518624721395360E-001 -0.1264309150158162E-002  0.2899133755356108E+001 -0.4875095473243504E-001  0.2826485885058867E-002
                       25                        1                      -22                        0                       22 -0.9999711514113436E+000  0.8521107685186528E-001 -0.1083701368838437E-002  0.3285684794567576E+001 -0.4178683383657505E-001  0.3630463809127242E-002
                       26                        1                      -18                        0                       18 -0.9999967950104091E+000  0.1014031514312524E+000 -0.1320857272051541E-002  0.3910040866613059E+001 -0.5093141425871742E-001  0.5141299560094750E-002
                       27                        1                      -17                        0                       17 -0.9999975115789960E+000  0.1073058415378027E+000 -0.1198354109253007E-002  0.4137644833687116E+001 -0.4620777040671780E-001  0.5757271814068005E-002
                       28                        1                      -14                        0                       14 -0.9998949647652996E+000  0.1300395733271390E+000 -0.8654588954329271E-003  0.5014243036921355E+001 -0.3337154320899737E-001  0.8455145315552167E-002
                       29                        1                      -13                        0                       13 -0.9992423141637063E+000  0.1392625211256414E+000 -0.7336864668922151E-003  0.5369874023668666E+001 -0.2829048237987370E-001  0.9697024895134871E-002
                       30                        1                      -10                        0                       10 -0.9038436603745068E+000  0.1769267173502071E+000 -0.1265936040217191E-003  0.6822181416166501E+001 -0.4881368657583934E-002  0.1565153165616012E-001
                       31                        1                       -7                        0                        7 -0.5123523204805078E+000  0.2439948272378668E+000 -0.4958199354118079E-005  0.9408284972179088E+001 -0.1911850058482618E-003  0.2976673785941824E-001
                       33                        2                     -105                        0                      105 -0.9999983806957731E+000  0.2888640666280849E-001 -0.3495418337310625E-003  0.1113841423535627E+001 -0.1347811024794342E-001  0.4172122449445735E-003
                       34                        2                     -100                        0                      100 -0.9999999876335754E+000  0.3062265609882909E-001 -0.5737666320985077E-003  0.1180790094791441E+001 -0.2212407551184524E-001  0.4688735332735784E-003
                       35                        2                      -89                        0                       89 -0.9999999960011544E+000  0.3456846897675313E-001 -0.7299494320136394E-003  0.1332938123594579E+001 -0.2814638469761285E-001  0.5974895236983722E-003
                       36                        2                      -84                        0                       84 -0.9999999186621760E+000  0.3667478053611378E-001 -0.6562062695632623E-003  0.1414156154382341E+001 -0.2530289537065892E-001  0.6725197636860545E-003
                       37                        2                      -81                        0                       81 -0.9999999260323273E+000  0.3842989092974496E-001 -0.7178551580708969E-003  0.1481832092138258E+001 -0.2768003720544248E-001  0.7384282584360474E-003
                       38                        2                      -73                        0                       73 -0.9999999924261613E+000  0.4253197215627623E-001 -0.9543651527913344E-003  0.1640005728830186E+001 -0.3679971180792567E-001  0.9044843277511279E-003
                       39                        2                      -66                        0                       66 -0.9999998791327194E+000  0.4724857751737261E-001 -0.8410800640056753E-003  0.1821875024342921E+001 -0.3243151101260701E-001  0.1116214038707582E-002
                       40                        2                      -59                        0                       59 -0.9999999522995136E+000  0.5325195882876266E-001 -0.9906455703112714E-003  0.2053361580076945E+001 -0.3819866157584204E-001  0.1417885559550120E-002
                       41                        2                      -51                        0                       51 -0.9999999703103631E+000  0.6155339333039206E-001 -0.1451397945333890E-002  0.2373459601634869E+001 -0.5596497939042057E-001  0.1894410115242977E-002
                       42                        2                      -48                        0                       48 -0.9999991307036535E+000  0.6598713416780630E-001 -0.1138117538146216E-002  0.2544421821463059E+001 -0.4388508663044607E-001  0.2177150937840032E-002
                       43                        2                      -45                        0                       45 -0.9999999088853375E+000  0.6972982834555534E-001 -0.1472242926329066E-002  0.2688737722691778E+001 -0.5676874856726089E-001  0.2431124480550307E-002
                       44                        2                      -37                        0                       37 -0.9999999884461037E+000  0.8634864029788185E-001 -0.1878943082432651E-002  0.3329548515758781E+001 -0.7245084728291110E-001  0.3728043840646490E-002
                       45                        2                      -25                        0                       25 -0.9999995363477543E+000  0.1308116612065281E+000 -0.1961605588882705E-002  0.5044014253283154E+001 -0.7563826082770121E-001  0.8555845353805762E-002
                       46                        2                      -22                        0                       22 -0.9999905923923714E+000  0.1469821426412977E+000 -0.1423358948552492E-002  0.5667537707439532E+001 -0.5488381355162091E-001  0.1080187512771343E-001
                       47                        2                      -19                        0                       19 -0.9999993158255237E+000  0.1670147347800410E+000 -0.1984124559382319E-002  0.6439981687938319E+001 -0.7650657797253115E-001  0.1394696081682374E-001
                       48                        2                      -12                        0                       12 -0.9185085047395830E+000  0.2586990935353700E+000 -0.4940809356597309E-003  0.9975272105471269E+001 -0.1905144586313678E-001  0.3346261049801110E-001
                       49                        3                     -161                        0                      161 -0.9999999604747896E+000  0.2616610365420167E-001 -0.3920602420729148E-003  0.1008948273933327E+001 -0.1511759296473743E-001  0.3423324902212131E-003
                       50                        3                     -155                        0                      155 -0.9999999802462708E+000  0.2731030575400830E-001 -0.4172673857192053E-003  0.1053067977382006E+001 -0.1608956435217900E-001  0.3729264001887090E-003
                       51                        3                     -145                        0                      145 -0.9999999951630966E+000  0.2929785718913111E-001 -0.5148890928625169E-003  0.1129706693498185E+001 -0.1985379513802062E-001  0.4291822179373613E-003
                       52                        3                     -148                        0                      148 -0.9999999882067665E+000  0.2860313221862901E-001 -0.4586430202317733E-003  0.1102918541578060E+001 -0.1768498243872503E-001  0.4090695863581863E-003
                       53                        3                     -142                        0                      142 -0.9999998446548160E+000  0.2999079520065410E-001 -0.3874573976808747E-003  0.1156425941419403E+001 -0.1494011021965984E-001  0.4497238983837878E-003
                       54                        3                     -139                        0                      139 -0.9999999978343820E+000  0.3081062616681801E-001 -0.5792723338840616E-003  0.1188038100767222E+001 -0.2233637186237331E-001  0.4746473423957057E-003
                       55                        3                     -144                        0                      144 -0.9999999940075474E+000  0.2957810180393853E-001 -0.5155334978100356E-003  0.1140512747166923E+001 -0.1987864298193752E-001  0.4374320531620757E-003
                       56                        3                     -136                        0                      136 -0.9999999976833204E+000  0.3150701673795114E-001 -0.5819864184367800E-003  0.1214890477185726E+001 -0.2244102523228131E-001  0.4963460518627648E-003
                       57                        3                     -130                        0                      130 -0.9999999966644640E+000  0.3305565567773156E-001 -0.5842180203833406E-003  0.1274605007323135E+001 -0.2252707438051692E-001  0.5463381861423724E-003
                       58                        3                     -125                        0                      125 -0.9999999909475473E+000  0.3454681931155140E-001 -0.5678860772722348E-003  0.1332103326307784E+001 -0.2189732506706567E-001  0.5967413622724914E-003
                       59                        3                     -123                        0                      123 -0.9999999940083273E+000  0.3510435113584574E-001 -0.5990923956522818E-003  0.1353601397981681E+001 -0.2310062080728974E-001  0.6161577343343780E-003
                       60                        3                     -119                        0                      119 -0.9999999903174676E+000  0.3623908263566937E-001 -0.5812732671569570E-003  0.1397355921133278E+001 -0.2241352657362201E-001  0.6566355551374358E-003
                       61                        3                     -116                        0                      116 -0.9999999968180296E+000  0.3728053039033622E-001 -0.6595087722091253E-003  0.1437513482547437E+001 -0.2543023776707523E-001  0.6949189730923905E-003
                       62                        3                     -112                        0                      112 -0.9999999907077204E+000  0.3886545920656276E-001 -0.6504809775881667E-003  0.1498627327182925E+001 -0.2508213176242833E-001  0.7552619596684953E-003
                       63                        3                     -109                        0                      109 -0.9999999907539080E+000  0.4002378214231563E-001 -0.7038512544942914E-003  0.1543291521062535E+001 -0.2714005561213117E-001  0.8009515684877722E-003
                       64                        3                     -106                        0                      106 -0.9999996538574192E+000  0.4085083738703258E-001 -0.4813422952567645E-003  0.1575182243985307E+001 -0.1856025201109505E-001  0.8343954576108904E-003
                       65                        3                     -101                        0                      101 -0.9999999966184807E+000  0.4311077079615688E-001 -0.7688727554455140E-003  0.1662323835353805E+001 -0.2964724323243075E-001  0.9292692793193868E-003
                       66                        3                      -99                        0                       99 -0.9999999990714603E+000  0.4410154838961833E-001 -0.8666528480545860E-003  0.1700527587658143E+001 -0.3341758126084876E-001  0.9724732851809214E-003
                       67                        3                      -92                        0                       92 -0.9999999986156537E+000  0.4776297865018270E-001 -0.9184885176819684E-003  0.1841710004052434E+001 -0.3541633163231752E-001  0.1140651064768904E-002
                       68                        3                      -89                        0                       89 -0.9999999997349598E+000  0.4914047222424463E-001 -0.1147359916029563E-002  0.1894825278006524E+001 -0.4424146682887675E-001  0.1207393005210883E-002
                       69                        3                      -84                        0                       84 -0.9999999447567721E+000  0.5257528708371680E-001 -0.8473688874336844E-003  0.2027269549020045E+001 -0.3267400403436580E-001  0.1382080405967619E-002
                       70                        3                      -79                        0                       79 -0.9999999955506215E+000  0.5598521922908574E-001 -0.1128916543496804E-002  0.2158754358442456E+001 -0.4353030214313080E-001  0.1567172386064394E-002
                       71                        3                      -74                        0                       74 -0.9999999970125173E+000  0.6022843420127932E-001 -0.1261675843575164E-002  0.2322370022383133E+001 -0.4864941610953706E-001  0.1813732143168920E-002
                       72                        3                      -72                        0                       72 -0.9999999966908428E+000  0.6191412065158564E-001 -0.1302041098765604E-002  0.2387369017147730E+001 -0.5020587461361906E-001  0.1916679168029547E-002
                       73                        3                      -67                        0                       67 -0.9999999709259748E+000  0.6602481410213788E-001 -0.1158837517429254E-002  0.2545874735706929E+001 -0.4468403582096488E-001  0.2179638038610930E-002
                       74                        3                      -62                        0                       62 -0.9999999822499548E+000  0.7155271260002735E-001 -0.1307802884034624E-002  0.2759026977310489E+001 -0.5042804537999596E-001  0.2559895340211053E-002
                       75                        3                      -59                        0                       59 -0.9999999865869985E+000  0.7548390921182865E-001 -0.1369229293377132E-002  0.2910611412210966E+001 -0.5279660856002041E-001  0.2848910274949793E-002
                       76                        3                      -56                        0                       56 -0.9999999851333046E+000  0.8018372038677804E-001 -0.1443679294293553E-002  0.3091833134613503E+001 -0.5566735312755926E-001  0.3214714507532502E-002
                       77                        3                      -46                        0                       46 -0.9999999947251808E+000  0.9763980986561339E-001 -0.2578185606723803E-002  0.3764928815271655E+001 -0.9941319319684137E-001  0.4766766235296560E-002
                       78                        3                      -42                        0                       42 -0.9999999916533917E+000  0.1067933198939776E+000 -0.2159299410071058E-002  0.4117882325874541E+001 -0.8326120852718584E-001  0.5702406586988717E-002
                       80                        3                      -36                        0                       36 -0.9999999951379042E+000  0.1263899588078620E+000 -0.2468362904623103E-002  0.4873516227977629E+001 -0.9517849982454776E-001  0.7987210843726516E-002
                       81                        3                      -35                        0                       35 -0.9999999955901345E+000  0.1302744006892216E+000 -0.2666435172304132E-002  0.5023297830282134E+001 -0.1028160401795002E+000  0.8485709737467925E-002
                       82                        3                      -27                        0                       27 -0.9999999574406594E+000  0.1710234591777427E+000 -0.2913276419190684E-002  0.6594555544832983E+001 -0.1123340812785136E+000  0.1462451179456050E-001
                       83                        3                      -20                        0                       20 -0.9999997584168963E+000  0.2246682528777492E+000 -0.2542146164642254E-002  0.8663064587081610E+001 -0.9802353528818823E-001  0.2523791192557019E-001
