                                                                                                                                                                                                                                                                



                        1                        2                        3                        4                        5                        6                        7                        8                        9                       10                       11
                        j                        l                     n_pg                      n_p                      n_g                      eta                Re(omega)                Im(omega)                 Re(freq)                 Im(freq)                        H
                        1                        1                     -141                       12                      153 -0.9998867859481204E+000  0.2644854607848802E-002 -0.1860779164862653E-003  0.1019839073734293E+000 -0.7175045820235442E-002  0.3497627948329492E-005
                        2                        1                     -144                       12                      156 -0.9999072624198128E+000  0.2731018602902696E-002 -0.1839517393590795E-003  0.1053063360863060E+000 -0.7093061785818222E-002  0.3729231304700296E-005
                        3                        1                     -144                       17                      161 -0.9998916354017376E+000  0.2919601097123693E-002 -0.1756249986985866E-003  0.1125779568271251E+000 -0.6771987974909212E-002  0.4262035283162948E-005
                        4                        1                     -145                       13                      158 -0.9998980146667090E+000  0.2823237466372453E-002 -0.1799770950241613E-003  0.1088622366648380E+000 -0.6939802034415739E-002  0.3985334895764572E-005
                        5                        1                     -147                       14                      161 -0.9998575370106965E+000  0.3024790933816180E-002 -0.1679074816857154E-003  0.1166340098630983E+000 -0.6474405439423950E-002  0.4574680096648280E-005
                        6                        1                     -194                       19                      213 -0.9999999999991437E+000  0.3065967258957735E-002 -0.3796378158421159E-003  0.1182217427073737E+000 -0.1463859212956280E-001  0.4700077616500415E-005
                        7                        1                     -146                       16                      162 -0.9998461154942291E+000  0.3142115101980137E-002 -0.1637079678858583E-003  0.1211579549840097E+000 -0.6312474864825594E-002  0.4936443657045824E-005
                        8                        1                     -151                       19                      170 -0.9998462339075338E+000  0.3262910210118486E-002 -0.1620395104811241E-003  0.1258157373373333E+000 -0.6248140211073373E-002  0.5323291519647734E-005
                        9                        1                     -196                       19                      215 -0.9999999999711638E+000  0.3234754967889989E-002 -0.3462577125266353E-003  0.1247300891482092E+000 -0.1335147662818924E-001  0.5231819851144482E-005
                       10                        1                     -162                       16                      178 -0.9998260307875436E+000  0.3396378466219162E-002 -0.1572514306280485E-003  0.1309621881959442E+000 -0.6063514904720593E-002  0.5767693342898610E-005
                       11                        1                     -163                       19                      182 -0.9998893693189856E+000  0.3541709742576698E-002 -0.1631327994630430E-003  0.1365660695520405E+000 -0.6290296737157463E-002  0.6271853950331351E-005
                       12                        1                     -167                       13                      180 -0.9998438708243000E+000  0.3855175277707870E-002 -0.1529835124029364E-003  0.1486531007274825E+000 -0.5898946699097667E-002  0.7431188210924977E-005
                       13                        1                     -195                       10                      205 -0.9999998785872012E+000  0.3884381600977419E-002 -0.2515037220763018E-003  0.1497792779314017E+000 -0.9697823169631322E-002  0.7544210211005893E-005
                       14                        1                     -169                       14                      183 -0.9999341825172126E+000  0.4038147570107494E-002 -0.1658275188838648E-003  0.1557083956630194E+000 -0.6394203399926346E-002  0.8153317898982528E-005
                       15                        1                     -183                       12                      195 -0.9999981468649000E+000  0.4269291961969535E-002 -0.2128669854280782E-003  0.1646211760402816E+000 -0.8208015238469131E-002  0.9113426928268841E-005
                       16                        1                     -164                       17                      181 -0.9998958656810428E+000  0.4222613723889102E-002 -0.1555249044020485E-003  0.1628212929409902E+000 -0.5996941154243853E-002  0.8915233330588256E-005
                       17                        1                     -157                       19                      176 -0.9998775220397500E+000  0.4462391561624248E-002 -0.1494078507242005E-003  0.1720669734866107E+000 -0.5761071464534388E-002  0.9956469224627610E-005
                       18                        1                     -176                       11                      187 -0.9999727185101366E+000  0.4689951995423807E-002 -0.1698057442591935E-003  0.1808415587260419E+000 -0.6547601233963861E-002  0.1099782485968987E-004
                       19                        1                     -184                       10                      194 -0.9999942052548751E+000  0.4849090434141131E-002 -0.1888339856199108E-003  0.1869778354595672E+000 -0.7281318088815485E-002  0.1175683901923951E-004
                       20                        1                     -191                        8                      199 -0.9999973416060337E+000  0.5126430903566147E-002 -0.1941937976348269E-003  0.1976719071339831E+000 -0.7487989022804098E-002  0.1314014690451901E-004
                       21                        1                     -198                        8                      206 -0.9999990460195608E+000  0.5429587638515882E-002 -0.2033266164709699E-003  0.2093614375471091E+000 -0.7840144694227216E-002  0.1474021096216224E-004
                       22                        1                     -196                        8                      204 -0.9999993144859609E+000  0.5636498654962102E-002 -0.2045790168422069E-003  0.2173397944190418E+000 -0.7888436454037244E-002  0.1588505854369479E-004
                       23                        1                     -187                        7                      194 -0.9999545699196312E+000  0.6592698476576384E-002 -0.1420666620702064E-003  0.2542102498870329E+000 -0.5477999910628161E-002  0.2173183660152628E-004
                       24                        1                     -186                        7                      193 -0.9999803834125356E+000  0.6924041960466574E-002 -0.1500953173974958E-003  0.2669866433680081E+000 -0.5787579741141959E-002  0.2397117853515090E-004
                       25                        1                     -206                        5                      211 -0.9999999999809555E+000  0.7016321809996566E-002 -0.3081842914039207E-003  0.2705448955301394E+000 -0.1188338978453221E-001  0.2461438587071675E-004
                       26                        1                     -183                        6                      189 -0.9999776557127473E+000  0.7713473422887341E-002 -0.1452787355069057E-003  0.2974266172335934E+000 -0.5601855414394940E-002  0.2974883612279468E-004
                       27                        1                     -182                        4                      186 -0.9999820499747221E+000  0.8214733425117336E-002 -0.1450733900258286E-003  0.3167548833264535E+000 -0.5593937423568687E-002  0.3374092262286993E-004
                       28                        1                     -177                        4                      181 -0.9999785811990918E+000  0.9000994535422800E-002 -0.1428640669863726E-003  0.3470726104358244E+000 -0.5508747335786461E-002  0.4050895131335546E-004
                       29                        1                     -168                        1                      169 -0.9999742386098213E+000  0.1005414633831965E-001 -0.1425062008972483E-003  0.3876814724874706E+000 -0.5494948247557929E-002  0.5054292929617321E-004
                       30                        1                     -140                        0                      140 -0.9999870346844949E+000  0.1236604230018664E-001 -0.1651994861612163E-003  0.4768267067594663E+000 -0.6369986858561844E-002  0.7645950108500268E-004
                       31                        1                     -126                        0                      126 -0.9999999939511408E+000  0.1380288239176108E-001 -0.3405559498001777E-003  0.5322303445907123E+000 -0.1313162029278437E-001  0.9525978116039419E-004
                       32                        1                      -95                        0                       95 -0.9999999913701824E+000  0.1861092372209793E-001 -0.4210527337973299E-003  0.7176253527796554E+000 -0.1623552496061094E-001  0.1731832408948739E-003
                       34                        2                     -105                        0                      105 -0.9996323674917963E+000  0.2809154192381398E-002 -0.3579844515571675E-003  0.1083191945989505E+000 -0.1380365220847752E-001  0.3945673638286991E-005
                       35                        2                     -109                        0                      109 -0.9994374044474187E+000  0.2813756864558392E-002 -0.4025698400448127E-003  0.1084966707035257E+000 -0.1552283636182903E-001  0.3958613846424736E-005
                       37                        2                      -17                        0                       17 -0.9015357322853813E+000  0.3000545027619045E-002 -0.1704369619897165E-003  0.1156991031788308E+000 -0.6571940587201309E-002  0.4501635231384691E-005
                       38                        2                     -104                        0                      104 -0.9999813982140524E+000  0.3029503293340275E-002 -0.3235694374538367E-003  0.1168157154418433E+000 -0.1247663120696242E-001  0.4588945102179782E-005
                       40                        2                     -103                        0                      103 -0.9999695308299348E+000  0.3181803913565901E-002 -0.3062343643491629E-003  0.1226883302539820E+000 -0.1180820184053437E-001  0.5061938072191651E-005
                       41                        2                     -105                        0                      105 -0.9999565636495861E+000  0.3343617182067937E-002 -0.2923190939256573E-003  0.1289277467185889E+000 -0.1127163788509591E-001  0.5589887930109965E-005
                       42                        2                     -106                        1                      107 -0.9999490787637237E+000  0.3611645525620040E-002 -0.2722779809194384E-003  0.1392627487565664E+000 -0.1049886534537999E-001  0.6521991701365628E-005
                       43                        2                     -109                        0                      109 -0.9999456253481367E+000  0.3707870210959805E-002 -0.2660070988728491E-003  0.1429731112723758E+000 -0.1025706413184968E-001  0.6874150750661554E-005
                       44                        2                     -119                        0                      119 -0.9999252139122173E+000  0.4141800623426743E-002 -0.2393517253430196E-003  0.1597051913119422E+000 -0.9229249923460617E-002  0.8577256202109066E-005
                       45                        2                     -116                        0                      116 -0.9999328726991858E+000  0.4024526997730372E-002 -0.2464199643375757E-003  0.1551831950763561E+000 -0.9501796712526035E-002  0.8098408777730321E-005
                       46                        2                     -122                        0                      122 -0.9999205303885045E+000  0.4267343552179575E-002 -0.2345333731608100E-003  0.1645460466010470E+000 -0.9043457335397444E-002  0.9105110496164285E-005
                       47                        2                     -128                        0                      128 -0.9999273151399335E+000  0.4534500393702832E-002 -0.2281162573648287E-003  0.1748474440764440E+000 -0.8796017441726233E-002  0.1028084691024555E-004
                       48                        2                     -141                        0                      141 -0.9999606312909194E+000  0.4978622932017036E-002 -0.2330627615417694E-003  0.1919725259903899E+000 -0.8986751488999141E-002  0.1239334314960297E-004
                       49                        2                     -149                        0                      149 -0.9999530219600675E+000  0.5312758753735690E-002 -0.2216151923767126E-003  0.2048565902376931E+000 -0.8545340520730591E-002  0.1411270278769762E-004
                       50                        2                     -196                        0                      196 -0.9999999959863840E+000  0.5303165464778084E-002 -0.3785455092364357E-003  0.2044866791319727E+000 -0.1459647348328013E-001  0.1406178197340752E-004
                       51                        2                     -161                        0                      161 -0.9999578054787991E+000  0.5722784709859392E-002 -0.2182763907493540E-003  0.2206669296816569E+000 -0.8416598458731293E-002  0.1637513241770020E-004
                       52                        2                     -204                        0                      204 -0.9999999255212059E+000  0.6123800211420213E-002 -0.3208991347729057E-003  0.2361298317425577E+000 -0.1237366603811611E-001  0.1875046451469511E-004
                       53                        2                     -177                        0                      177 -0.9999761468776019E+000  0.6202592770342870E-002 -0.2219255324515113E-003  0.2391680225780908E+000 -0.8557307036148340E-002  0.1923607853735479E-004
                       54                        2                     -215                        0                      215 -0.9999981449769985E+000  0.7618187573834747E-002 -0.2456274078256916E-003  0.2937524556464345E+000 -0.9471236238745609E-002  0.2901839095506508E-004
                       55                        2                     -222                        0                      222 -0.9999903394024239E+000  0.8612590623809943E-002 -0.2042649920085475E-003  0.3320960032424253E+000 -0.7876327856667149E-002  0.3708835862666947E-004
                       56                        2                     -236                        0                      236 -0.9999999703396798E+000  0.9652832040277714E-002 -0.2898292677550625E-003  0.3722070490247645E+000 -0.1117563177542003E-001  0.4658858319890580E-004
                       57                        2                     -224                        0                      224 -0.9999984562004776E+000  0.1119643304438730E-001 -0.2187536020735484E-003  0.4317273195747909E+000 -0.8434999423132049E-002  0.6268005645872367E-004
                       58                        2                     -217                        0                      217 -0.9999994038832264E+000  0.1235680580613680E-001 -0.2310253914990525E-003  0.4764705534379040E+000 -0.8908191799137459E-002  0.7634532486528802E-004
                       59                        2                     -201                        0                      201 -0.9999989452977655E+000  0.1425131176089453E-001 -0.2209666524692280E-003  0.5495214951551008E+000 -0.8520333235393770E-002  0.1015499434531053E-003
                       60                        2                     -140                        0                      140 -0.9999999978742712E+000  0.2166202277874823E-001 -0.4660913271340014E-003  0.8352737870857161E+000 -0.1797218440398676E-001  0.2346216154335039E-003
                       61                        3                     -105                        0                      105 -0.9999999991932704E+000  0.2694730320379242E-002 -0.2062383062609305E-003  0.1039070830488686E+000 -0.7952417596094221E-002  0.3630785749785601E-005
                       62                        3                     -107                        0                      107 -0.9999999999950590E+000  0.3143463472837007E-002 -0.2945421818677568E-003  0.1212099473045569E+000 -0.1135735873874784E-001  0.4940681302530247E-005
                       63                        3                     -106                        0                      106 -0.9999999998110999E+000  0.3280417278261091E-002 -0.3114861353818913E-003  0.1264907987227634E+000 -0.1201070678313455E-001  0.5380568759756955E-005
                       65                        3                     -111                        0                      111 -0.9999842557754343E+000  0.3744177579678164E-002 -0.3994193119121028E-003  0.1443731002613198E+000 -0.1540135400574406E-001  0.7009432874082323E-005
                       66                        3                     -213                        0                      213 -0.9999998540448519E+000  0.3634158413788505E-002 -0.1153405498352491E-002  0.1401308313705852E+000 -0.4447458062870917E-001  0.6603553688254874E-005
                       67                        3                     -114                        1                      115 -0.9999896766188076E+000  0.4249000998058894E-002 -0.3700677495447074E-003  0.1638387694089909E+000 -0.1426957647481332E-001  0.9027004740752736E-005
                       68                        3                     -119                        0                      119 -0.9999886388129778E+000  0.4567216831348575E-002 -0.3505921523860144E-003  0.1761089690527321E+000 -0.1351860986561667E-001  0.1042973479227686E-004
                       69                        3                     -123                        0                      123 -0.9999786588347388E+000  0.4794693858397244E-002 -0.3320633110271249E-003  0.1848803381810274E+000 -0.1280414955642829E-001  0.1149454459787614E-004
                       70                        3                     -132                        0                      132 -0.9999772661696699E+000  0.5303195520024664E-002 -0.3059905389958748E-003  0.2044878380431182E+000 -0.1179880009036964E-001  0.1406194136180483E-004
                       71                        3                     -140                        0                      140 -0.9999707497469539E+000  0.5743535476024865E-002 -0.2852522244474367E-003  0.2214670659947334E+000 -0.1099914390370720E-001  0.1649409988217809E-004
                       72                        3                     -214                        0                      214 -0.9999999999999198E+000  0.5750465219646050E-002 -0.6103343016097370E-003  0.2217342724905034E+000 -0.2353410153339983E-001  0.1653392512117945E-004
                       73                        3                     -147                        0                      147 -0.9999652352508337E+000  0.6083682844255834E-002 -0.2708325228764894E-003  0.2345829316427123E+000 -0.1044312940483837E-001  0.1850559847474637E-004
                       74                        3                     -155                        0                      155 -0.9999677186163863E+000  0.6456786712801275E-002 -0.2654530452005790E-003  0.2489695789304265E+000 -0.1023570017550024E-001  0.2084504732730355E-004
                       75                        3                     -189                        0                      189 -0.9999853561412987E+000  0.7837481727952024E-002 -0.2595423437498877E-003  0.3022082984117278E+000 -0.1000778729610398E-001  0.3071305991799092E-004
                       76                        3                     -202                        0                      202 -0.9999888607871562E+000  0.8443015518788460E-002 -0.2554880775607969E-003  0.3255572953104167E+000 -0.9851457376769863E-002  0.3564225552525138E-004
                       77                        3                     -240                        0                      240 -0.9999996319502504E+000  0.9416776484129174E-002 -0.3131089546126872E-003  0.3631048972838729E+000 -0.1207328165799768E-001  0.4433783967602400E-004
                       78                        3                     -233                        0                      233 -0.9999954639900862E+000  0.1043301129448669E-001 -0.2466044178726749E-003  0.4022902636407221E+000 -0.9508909123235657E-002  0.5442386233544356E-004
                       79                        3                     -245                        0                      245 -0.9999981516560758E+000  0.1111041492459125E-001 -0.2585244797744424E-003  0.4284105157188497E+000 -0.9968539110180063E-002  0.6172065989828989E-004
                       80                        3                     -258                        0                      258 -0.9999999341657965E+000  0.1263059136634130E-001 -0.3109047101866253E-003  0.4870275500793143E+000 -0.1198828739830991E-001  0.7976591913174739E-004
                       81                        3                     -259                        0                      259 -0.9999999928178749E+000  0.1336438048850829E-001 -0.3497229502561700E-003  0.5153219907811325E+000 -0.1348509398567537E-001  0.8930333292081072E-004
                       82                        3                     -197                        0                      197 -0.9999994249498557E+000  0.2144842223069200E-001 -0.2669116416813256E-003  0.8270374861400102E+000 -0.1029194272582654E-001  0.2300174080930218E-003
