                                                                                                                                                                                                                                                                



                        1                        2                        3                        4                        5                        6                        7                        8                        9                       10                       11
                        j                        l                     n_pg                      n_p                      n_g                      eta                Re(omega)                Im(omega)                 Re(freq)                 Im(freq)                        H
                        1                        1                     -197                       29                      226 -0.9715213563408457E+000  0.2676848681635018E-003 -0.4043651489319197E-005  0.1032175784598586E-001 -0.1559206232786364E-003  0.3582759432185573E-007
                        2                        1                     -197                       31                      228 -0.9724527655024792E+000  0.2699456439658497E-003 -0.4138918013864624E-005  0.1040893191949996E-001 -0.1595940397251198E-003  0.3643532534806860E-007
                        3                        1                     -205                       26                      231 -0.9737773044540193E+000  0.2722462889466817E-003 -0.4238497113834993E-005  0.1049764332311664E-001 -0.1634337463303791E-003  0.3705902092262005E-007
                        4                        1                     -195                       26                      221 -0.9759597174864589E+000  0.2951040717845974E-003 -0.5028572615392710E-005  0.1137902485569169E-001 -0.1938985539344590E-003  0.4354320659192440E-007
                        5                        1                     -183                       30                      213 -0.9675108358882637E+000  0.3064104395542064E-003 -0.5268313198307964E-005  0.1181499118817890E-001 -0.2031427979579774E-003  0.4694367873390092E-007
                        6                        1                     -189                       27                      216 -0.9656169705284997E+000  0.3093523534390294E-003 -0.5346217734059539E-005  0.1192842951187353E-001 -0.2061467471862189E-003  0.4784943928913307E-007
                        7                        1                     -183                       26                      209 -0.9604277057406757E+000  0.3250168267774239E-003 -0.5869232661085439E-005  0.1253244161645411E-001 -0.2263138693087139E-003  0.5281796884423300E-007
                        9                        1                     -161                       30                      191 -0.9661362655011718E+000  0.3781230704456959E-003 -0.8248895609044885E-005  0.1458018451284754E-001 -0.3180721553575898E-003  0.7148852820164037E-007
                       11                        1                     -143                       29                      172 -0.9547095160424486E+000  0.4643843266871039E-003 -0.1180800151273427E-004  0.1790636355510298E-001 -0.4553090097906988E-003  0.1078264014363174E-006
                       12                        1                     -141                       29                      170 -0.9551611008282207E+000  0.4710464344924080E-003 -0.1218331189973691E-004  0.1816325018445178E-001 -0.4697807390232918E-003  0.1109423717240052E-006
                       13                        1                     -143                       22                      165 -0.9545450858178313E+000  0.4994556245384311E-003 -0.1365327843243334E-004  0.1925869043950772E-001 -0.5264617113034601E-003  0.1247279604415370E-006
                       14                        1                     -139                       24                      163 -0.9546176450492486E+000  0.5233738509856294E-003 -0.1475066217438123E-004  0.2018096200153954E-001 -0.5687761287235343E-003  0.1369600939477637E-006
                       15                        1                     -131                       23                      154 -0.9608152310979633E+000  0.5894090317039996E-003 -0.1858242664039193E-004  0.2272723646735885E-001 -0.7165265234782286E-003  0.1737015033271230E-006
                       16                        1                     -127                       18                      145 -0.9711587023563285E+000  0.6602750620134817E-003 -0.2406129496327132E-004  0.2545978541336050E-001 -0.9277881927940380E-003  0.2179815787584534E-006
                       20                        1                     -119                       18                      137 -0.9999206275320452E+000  0.1234532857993653E-002 -0.9457861723455526E-004  0.4760279989132662E-001 -0.3646891179171885E-002  0.7620356887329882E-006
                       22                        2                     -318                        0                      318 -0.9952896583983589E+000  0.2649039204882151E-003 -0.2689859842194000E-005  0.1021452627670218E-001 -0.1037192805153630E-003  0.3508704354501334E-007
                       23                        2                     -296                        0                      296 -0.9906373227153590E+000  0.2752156795621750E-003 -0.2701915040759596E-005  0.1061214113202732E-001 -0.1041841212859042E-003  0.3787183513843488E-007
                       24                        2                     -286                        1                      287 -0.9913665001999856E+000  0.2863132582071157E-003 -0.2917310437138465E-005  0.1104005668898700E-001 -0.1124896304385727E-003  0.4098764091258726E-007
                       25                        2                     -267                        1                      268 -0.9945793962603064E+000  0.3056972267309598E-003 -0.3495630278605609E-005  0.1178749015644442E-001 -0.1347892748006394E-003  0.4672539721549989E-007
                       26                        2                     -256                        0                      256 -0.9904354908064652E+000  0.3326468071292879E-003 -0.3976535518346056E-005  0.1282664879410251E-001 -0.1533326742296829E-003  0.5532694914665482E-007
                       27                        2                     -232                        1                      233 -0.9876222505576421E+000  0.3631615835483477E-003 -0.4667471134142216E-005  0.1400327911722393E-001 -0.1799747110483613E-003  0.6594316788267168E-007
                       28                        2                     -210                        2                      212 -0.9904914785305242E+000  0.3961125638140957E-003 -0.5685332246053573E-005  0.1527384790739988E-001 -0.2192227865562297E-003  0.7845258160568808E-007
                       29                        2                     -185                        0                      185 -0.9807658253002703E+000  0.4498939812628062E-003 -0.6892795470670772E-005  0.1734762507429002E-001 -0.2657817986436051E-003  0.1012022971882492E-006
                       30                        2                     -187                        0                      187 -0.9813907996884307E+000  0.4764090030630340E-003 -0.7860490651522891E-005  0.1837002740947104E-001 -0.3030955078346012E-003  0.1134827690997570E-006
                       31                        2                     -170                        0                      170 -0.9838284329035465E+000  0.4972840590924897E-003 -0.8711315706250534E-005  0.1917495626045794E-001 -0.3359027794762405E-003  0.1236457177137512E-006
                       32                        2                     -172                        0                      172 -0.9838752033793841E+000  0.5016720900661876E-003 -0.8865952185834466E-005  0.1934415593708490E-001 -0.3418654635359392E-003  0.1258374429756885E-006
                       33                        2                     -158                        1                      159 -0.9803488800117116E+000  0.5347870279546589E-003 -0.9953864984275673E-005  0.2062104682865704E-001 -0.3838146874128757E-003  0.1429985826342891E-006
                       34                        2                     -152                        1                      153 -0.9770304189482620E+000  0.5612920204344873E-003 -0.1081700302129544E-004  0.2164306243963795E-001 -0.4170967398011934E-003  0.1575243661017145E-006
                       37                        2                     -113                        1                      114 -0.9870148426846995E+000  0.8304532405861775E-003 -0.2446927008049508E-004  0.3202174747699650E-001 -0.9435194531975931E-003  0.3448262924000418E-006
                       38                        2                     -108                        0                      108 -0.9907107354833341E+000  0.9089641909676814E-003 -0.2905640061464603E-004  0.3504907966673059E-001 -0.1120396281933815E-002  0.4131079502307658E-006
                       45                        3                     -485                        0                      485 -0.9913432645908768E+000  0.2742704099387682E-003 -0.2136491552806187E-005  0.1057569213803334E-001 -0.8238175209287588E-004  0.3761212888398996E-007
                       46                        3                     -427                        1                      428 -0.9944939356161125E+000  0.2770398834527510E-003 -0.2242397562320247E-005  0.1068248127097283E-001 -0.8646542029623172E-004  0.3837554851175694E-007
                       47                        3                     -455                        1                      456 -0.9923566697795944E+000  0.2827470884678119E-003 -0.2200598826628021E-005  0.1090254745755635E-001 -0.8485368769795874E-004  0.3997295801851238E-007
                       48                        3                     -442                        1                      443 -0.9928260934500245E+000  0.2920337018774001E-003 -0.2311829888299261E-005  0.1126063334967524E-001 -0.8914268651735110E-004  0.4264184151610911E-007
                       49                        3                     -405                        0                      405 -0.9954518431062854E+000  0.2973698828993685E-003 -0.2455085525297304E-005  0.1146639308764243E-001 -0.9466653254313052E-004  0.4421442362779208E-007
                       50                        3                     -394                        1                      395 -0.9972204594111964E+000  0.3038908989211824E-003 -0.2643042087701220E-005  0.1171783930777709E-001 -0.1019140177521644E-003  0.4617483922356214E-007
                       51                        3                     -395                        1                      396 -0.9956377996349176E+000  0.3096203716089397E-003 -0.2635274104274489E-005  0.1193876412162237E-001 -0.1016144892639370E-003  0.4793238725762895E-007
                       52                        3                     -361                        1                      362 -0.9982576266550008E+000  0.3323790312488183E-003 -0.3156949837137961E-005  0.1281632352688003E-001 -0.1217299729133716E-003  0.5523791020695147E-007
                       53                        3                     -379                        0                      379 -0.9991555681961560E+000  0.3348911735244637E-003 -0.3362324186452977E-005  0.1291319013133837E-001 -0.1296490768804726E-003  0.5607604905229620E-007
                       54                        3                     -365                        1                      366 -0.9957578281637981E+000  0.3551824815407123E-003 -0.3259576075162653E-005  0.1369561003112180E-001 -0.1256871752192127E-003  0.6307729759670920E-007
                       55                        3                     -346                        1                      347 -0.9982625731296635E+000  0.3680745005463526E-003 -0.3735115351954972E-005  0.1419271806429157E-001 -0.1440236665382046E-003  0.6773941897622347E-007
                       56                        3                     -333                        2                      335 -0.9973773619108782E+000  0.3811005933193398E-003 -0.3851451112457671E-005  0.1469499589644754E-001 -0.1485094992898864E-003  0.7261883111417630E-007
                       57                        3                     -323                        1                      324 -0.9967270027206774E+000  0.4017772517483451E-003 -0.4193095820562669E-005  0.1549227466245533E-001 -0.1616831014087346E-003  0.8071248001122639E-007
                       58                        3                     -313                        1                      314 -0.9974372136627513E+000  0.4141566261778171E-003 -0.4570105120244949E-005  0.1596961544761975E-001 -0.1762203396310623E-003  0.8576285550349605E-007
                       59                        3                     -320                        1                      321 -0.9959589856208052E+000  0.4443731278724651E-003 -0.5120716085172776E-005  0.1713474448754171E-001 -0.1974515473803860E-003  0.9873373838757899E-007
                       60                        3                     -231                        1                      232 -0.9957685233178913E+000  0.4968022367679070E-003 -0.6552361453855009E-005  0.1915637749882210E-001 -0.2526548800089578E-003  0.1234062312287977E-006
                       61                        3                     -248                        0                      248 -0.9932893487908336E+000  0.5291988494066355E-003 -0.7210811671399357E-005  0.2040557022675364E-001 -0.2780443005830720E-003  0.1400257111066534E-006
                       62                        3                     -199                        0                      199 -0.9939487093112912E+000  0.5786905876112728E-003 -0.8796276654720591E-005  0.2231394009700410E-001 -0.3391788194798823E-003  0.1674413980949401E-006
                       63                        3                     -199                        0                      199 -0.9929980217903013E+000  0.6092097096047449E-003 -0.9629419044158845E-005  0.2349073798270420E-001 -0.3713042588220685E-003  0.1855682351383488E-006
                       64                        3                     -192                        0                      192 -0.9927418821904566E+000  0.6138339879967428E-003 -0.9746137846639000E-005  0.2366904720915429E-001 -0.3758048614281813E-003  0.1883960824099927E-006
                       65                        3                     -156                        0                      156 -0.9928494713716012E+000  0.7875225723748174E-003 -0.1585179645757902E-004  0.3036636828248274E-001 -0.6112351646229363E-003  0.3100959009999249E-006
                       66                        3                     -145                        0                      145 -0.9949668067751355E+000  0.8540523417639687E-003 -0.1896064743430206E-004  0.3293171377210774E-001 -0.7311104761455586E-003  0.3647027012362594E-006
                       67                        3                     -142                        0                      142 -0.9958794450287157E+000  0.8818163263002063E-003 -0.2039568922741715E-004  0.3400227531407619E-001 -0.7864447727347705E-003  0.3888000166647951E-006
                       69                        3                     -126                        1                      127 -0.9996741961042571E+000  0.1067942443661596E-002 -0.3003357894569010E-004  0.4117917972932455E-001 -0.1158075655349950E-002  0.5702505314869497E-006
