                                                                                                                                                                                                                                                                



                        1                        2                        3                        4                        5                        6                        7                        8                        9                       10                       11
                        j                        l                     n_pg                      n_p                      n_g                      eta                Re(omega)                Im(omega)                 Re(freq)                 Im(freq)                        H
                        1                        1                        1                        0                        0 -0.2106232796406391E-001  0.3519466858678892E+001 -0.5203726693911297E-006  0.1357083981305491E+003 -0.2006523835274766E-004  0.6193323484669540E+001
                        2                        1                        2                        1                        0 -0.9797550986200316E-002  0.4727039284398078E+001 -0.4174239836214934E-005  0.1822716209427927E+003 -0.1609560266744761E-003  0.1117245019812135E+002
                        3                        2                        0                        0                        0 -0.3334008521004232E-001  0.3024854752413166E+001 -0.8063460553503480E-007  0.1166364706675087E+003 -0.3109218978455132E-005  0.4574873136598272E+001
                        4                        2                        1                        1                        0 -0.1009388167198222E-001  0.3942965090297910E+001 -0.6913703489225420E-006  0.1520382199279649E+003 -0.2665879985085471E-004  0.7773486851653992E+001
                        5                        2                        2                        2                        0 -0.2280879909017914E-001  0.5150849666523440E+001 -0.2469080631710477E-004  0.1986134790647123E+003 -0.9520617492342876E-003  0.1326562614356230E+002
                        6                        3                        0                        0                        0 -0.1936929390440878E-001  0.3292785646780059E+001 -0.1748497426359348E-006  0.1269677151270360E+003 -0.6742094595420773E-005  0.5421218657820372E+001
                        7                        3                        1                        1                        0 -0.7287352534439200E-002  0.4378044962931276E+001 -0.1338767693225967E-005  0.1688146224186765E+003 -0.5162202867988493E-004  0.9583638848723947E+001
