                                                                                                                                                                                                                                                                



                        1                        2                        3                        4                        5                        6                        7                        8                        9                       10                       11
                        j                        l                     n_pg                      n_p                      n_g                      eta                Re(omega)                Im(omega)                 Re(freq)                 Im(freq)                        H
                        1                        1                       -6                        0                        6 -0.4354893734229884E+000  0.2822186907659963E+000 -0.1273789472433321E-005  0.1088217277906991E+002 -0.4911650991490550E-004  0.3982369470883657E-001
                        2                        1                       -5                        0                        5 -0.3604792969396457E+000  0.3350926385234597E+000 -0.3583004600380461E-006  0.1292095849324969E+002 -0.1381583729401966E-004  0.5614353819630712E-001
                        3                        1                       -4                        0                        4 -0.2785818998587386E+000  0.4095889745986583E+000 -0.1083354345411457E-006  0.1579348971496864E+002 -0.4177345283448575E-005  0.8388156405639019E-001
                        4                        1                       -3                        0                        3 -0.2629027864878009E+000  0.5191438520625306E+000 -0.3844420215632648E-007  0.2001785594002568E+002 -0.1482383923910696E-005  0.1347551695671612E+000
                        5                        1                       -2                        0                        2 -0.3841640300185585E+000  0.6945692379576163E+000 -0.1605462094647024E-007  0.2678214697250093E+002 -0.6190559475978347E-006  0.2412132131585123E+000
                        6                        1                       -1                        0                        1 -0.4597451352469421E+000  0.1034739287110334E+001 -0.6087536536092698E-008  0.3989888718236160E+002 -0.2347315275429067E-006  0.5353426961448012E+000
                        7                        2                      -11                        0                       11 -0.8564337840692968E+000  0.2798368637697746E+000 -0.2462278032293321E-003  0.1079033104869980E+002 -0.9494387102710155E-002  0.3915433516225162E-001
                        8                        2                      -10                        0                       10 -0.7556189839495712E+000  0.3052402651313756E+000 -0.1155380102697873E-003  0.1176987000851383E+002 -0.4455072011329974E-002  0.4658580972873621E-001
                        9                        2                       -9                        0                        9 -0.5861425442497212E+000  0.3351630635899133E+000 -0.5015152373607280E-004  0.1292367403891056E+002 -0.1933810779676846E-002  0.5616713959748803E-001
                       10                        2                       -8                        0                        8 -0.4722378835016009E+000  0.3715828506878047E+000 -0.1671707195020011E-004  0.1432799780889365E+002 -0.6445996359364430E-003  0.6903690746263781E-001
                       11                        2                       -7                        0                        7 -0.4007541519299356E+000  0.4192612194782925E+000 -0.4393213198368312E-005  0.1616644531070176E+002 -0.1693994999061718E-003  0.8788998507921232E-001
                       12                        2                       -6                        0                        6 -0.3541222695900595E+000  0.4835642921596850E+000 -0.1158868317375188E-005  0.1864593079497187E+002 -0.4468522344724264E-004  0.1169172123259484E+000
                       13                        2                       -5                        0                        5 -0.3161073407068681E+000  0.5714942758241524E+000 -0.3467203071074446E-006  0.2203645490271400E+002 -0.1336931398028440E-004  0.1633028536498858E+000
                       14                        2                       -4                        0                        4 -0.2810408245503250E+000  0.6928686613179573E+000 -0.1178538107690607E-006  0.2671657382152858E+002 -0.4544367802074911E-005  0.2400334909182694E+000
                       15                        2                       -3                        0                        3 -0.3032157567916285E+000  0.8657768299475707E+000 -0.4847262179266302E-007  0.3338380256117349E+002 -0.1869073391172517E-005  0.3747847596370337E+000
                       16                        2                       -2                        0                        2 -0.4563327444288154E+000  0.1130543994143301E+001 -0.2216956123551037E-007  0.4359305560243047E+002 -0.8548441463823217E-006  0.6390648613467443E+000
                       17                        2                       -1                        0                        1 -0.3944675342772306E+000  0.1624500318077987E+001 -0.8784629602077060E-008  0.6263969651689941E+002 -0.3387297165558703E-006  0.1319500641717741E+001
                       18                        3                      -17                        0                       17 -0.9999985882701654E+000  0.2631465250923840E+000 -0.2085173075917665E-002  0.1014676223071830E+002 -0.8040294434366603E-001  0.3462304683409833E-001
                       19                        3                      -16                        0                       16 -0.9935071955346022E+000  0.2791330213153719E+000 -0.1638894836066686E-002  0.1076319133241359E+002 -0.6319473995289328E-001  0.3895762179432392E-001
                       20                        3                      -15                        0                       15 -0.9726860666142902E+000  0.2972669625603641E+000 -0.1287216810800995E-002  0.1146242454499032E+002 -0.4963425952136662E-001  0.4418382351493263E-001
                       21                        3                      -14                        0                       14 -0.9362806161520905E+000  0.3174491098094646E+000 -0.1065032980459388E-002  0.1224063527519120E+002 -0.4106699268326167E-001  0.5038696865941087E-001
                       22                        3                      -13                        0                       13 -0.8842120663144485E+000  0.3395264938112652E+000 -0.8188587105707390E-003  0.1309192512621199E+002 -0.3157466979203647E-001  0.5763911999988567E-001
                       23                        3                      -12                        0                       12 -0.8161690014960353E+000  0.3643825094164588E+000 -0.4888577357178066E-003  0.1405035724026092E+002 -0.1885004260358166E-001  0.6638730658431796E-001
                       24                        3                      -11                        0                       11 -0.7324730929829371E+000  0.3939185972269894E+000 -0.2344134704402166E-003  0.1518924995462930E+002 -0.9038833962938886E-002  0.7758593062063956E-001
                       25                        3                      -10                        0                       10 -0.6242767225390290E+000  0.4293047132221712E+000 -0.1070804981558949E-003  0.1655371602593946E+002 -0.4128955736555084E-002  0.9215126839738530E-001
                       26                        3                       -9                        0                        9 -0.4786128217793131E+000  0.4708316263909654E+000 -0.4595724765284626E-004  0.1815496732101741E+002 -0.1772082168092304E-002  0.1108412102049808E+000
                       27                        3                       -8                        0                        8 -0.3828434540411094E+000  0.5210682872050401E+000 -0.1527695671897864E-004  0.2009206093214034E+002 -0.5890697108085696E-003  0.1357560799653968E+000
                       28                        3                       -7                        0                        7 -0.3280565529170932E+000  0.5864365461780775E+000 -0.4036301237379475E-005  0.2261261932067529E+002 -0.1556372022502110E-003  0.1719539113466361E+000
                       29                        3                       -6                        0                        6 -0.3008469961851750E+000  0.6738537068239292E+000 -0.1098232993876346E-005  0.2598336929978506E+002 -0.4234716403296980E-004  0.2270394091001748E+000
                       30                        3                       -5                        0                        5 -0.2907903403236573E+000  0.7916573449980817E+000 -0.3538017056853156E-006  0.3052580247858933E+002 -0.1364236819449216E-004  0.3133606759447060E+000
                       31                        3                       -4                        0                        4 -0.2955750867267605E+000  0.9500612308925422E+000 -0.1357714841685034E-006  0.3663375532360085E+002 -0.5235261864415212E-005  0.4513081712225255E+000
                       32                        3                       -3                        0                        3 -0.3498081806328243E+000  0.1167373955335462E+001 -0.6304070889596072E-007  0.4501319542396997E+002 -0.2430809541561203E-005  0.6813809757977793E+000
                       33                        3                       -2                        0                        2 -0.5082019779762075E+000  0.1487026968574122E+001 -0.3101286968864332E-007  0.5733881181022719E+002 -0.1195836482022471E-005  0.1105624602633371E+001
                       34                        3                       -1                        0                        1 -0.2822376175748918E+000  0.2063894290099046E+001 -0.1251598788701173E-007  0.7958244792941886E+002 -0.4826085129852013E-006  0.2129829820351721E+001
